England and Wales, Total Population, Life tables (cohort 1x10), Total     Last modified: 03-Nov-2010, MPv5 (May07)

  Year          Age         mx       qx    ax      lx      dx      Lx       Tx     ex
1841-1849        0     0.17069  0.15364  0.35  100000   15364   90013  4140305  41.40
1841-1849        1     0.06637  0.06413  0.47   84636    5428   81782  4050291  47.86
1841-1849        2     0.03668  0.03601  0.50   79208    2853   77776  3968509  50.10
1841-1849        3     0.02474  0.02444  0.50   76355    1866   75416  3890734  50.96
1841-1849        4     0.01851  0.01834  0.50   74489    1366   73804  3815318  51.22
1841-1849        5     0.01431  0.01421  0.50   73123    1039   72604  3741513  51.17
1841-1849        6     0.01099  0.01093  0.50   72084     788   71688  3668909  50.90
1841-1849        7     0.00825  0.00821  0.50   71296     585   71002  3597221  50.45
1841-1849        8     0.00639  0.00637  0.50   70711     451   70485  3526218  49.87
1841-1849        9     0.00536  0.00535  0.50   70260     376   70072  3455734  49.19
1841-1849       10     0.00494  0.00493  0.50   69884     344   69713  3385661  48.45
1841-1849       11     0.00471  0.00470  0.50   69540     327   69377  3315948  47.68
1841-1849       12     0.00469  0.00468  0.50   69213     324   69052  3246571  46.91
1841-1849       13     0.00486  0.00485  0.50   68890     334   68724  3177518  46.12
1841-1849       14     0.00520  0.00519  0.50   68556     356   68379  3108794  45.35
1841-1849       15     0.00570  0.00568  0.51   68200     388   68008  3040415  44.58
1841-1849       16     0.00621  0.00619  0.51   67812     420   67605  2972407  43.83
1841-1849       17     0.00668  0.00665  0.51   67392     448   67170  2904802  43.10
1841-1849       18     0.00709  0.00707  0.51   66944     473   66710  2837631  42.39
1841-1849       19     0.00748  0.00745  0.51   66471     495   66226  2770921  41.69
1841-1849       20     0.00783  0.00780  0.50   65975     515   65718  2704695  41.00
1841-1849       21     0.00820  0.00817  0.50   65461     535   65194  2638977  40.31
1841-1849       22     0.00854  0.00851  0.50   64926     552   64650  2573783  39.64
1841-1849       23     0.00871  0.00867  0.50   64373     558   64094  2509132  38.98
1841-1849       24     0.00874  0.00870  0.50   63815     555   63538  2445038  38.31
1841-1849       25     0.00875  0.00872  0.50   63260     551   62984  2381500  37.65
1841-1849       26     0.00880  0.00876  0.50   62709     549   62434  2318516  36.97
1841-1849       27     0.00889  0.00885  0.50   62159     550   61884  2256082  36.30
1841-1849       28     0.00900  0.00896  0.50   61609     552   61333  2194198  35.61
1841-1849       29     0.00910  0.00905  0.50   61057     553   60780  2132865  34.93
1841-1849       30     0.00913  0.00909  0.50   60504     550   60228  2072085  34.25
1841-1849       31     0.00922  0.00918  0.50   59954     550   59679  2011857  33.56
1841-1849       32     0.00945  0.00941  0.50   59404     559   59125  1952178  32.86
1841-1849       33     0.00975  0.00970  0.50   58845     571   58560  1893054  32.17
1841-1849       34     0.01004  0.00999  0.50   58274     582   57983  1834494  31.48
1841-1849       35     0.01035  0.01030  0.50   57692     594   57397  1776511  30.79
1841-1849       36     0.01066  0.01060  0.50   57098     605   56797  1719115  30.11
1841-1849       37     0.01094  0.01088  0.50   56492     615   56186  1662318  29.43
1841-1849       38     0.01121  0.01115  0.50   55878     623   55567  1606132  28.74
1841-1849       39     0.01148  0.01142  0.50   55254     631   54940  1550565  28.06
1841-1849       40     0.01185  0.01178  0.50   54624     643   54305  1495624  27.38
1841-1849       41     0.01234  0.01226  0.50   53980     662   53652  1441320  26.70
1841-1849       42     0.01284  0.01276  0.50   53318     680   52981  1387667  26.03
1841-1849       43     0.01333  0.01324  0.50   52638     697   52293  1334686  25.36
1841-1849       44     0.01378  0.01368  0.50   51941     711   51588  1282394  24.69
1841-1849       45     0.01420  0.01410  0.50   51230     722   50872  1230806  24.02
1841-1849       46     0.01468  0.01457  0.50   50508     736   50143  1179933  23.36
1841-1849       47     0.01522  0.01511  0.50   49772     752   49399  1129790  22.70
1841-1849       48     0.01587  0.01575  0.50   49020     772   48638  1080391  22.04
1841-1849       49     0.01654  0.01640  0.50   48248     791   47856  1031753  21.38
1841-1849       50     0.01717  0.01703  0.50   47457     808   47056   983897  20.73
1841-1849       51     0.01790  0.01774  0.50   46649     828   46238   936841  20.08
1841-1849       52     0.01884  0.01866  0.50   45821     855   45397   890603  19.44
1841-1849       53     0.01995  0.01976  0.51   44966     888   44526   845205  18.80
1841-1849       54     0.02113  0.02091  0.50   44077     922   43620   800679  18.17
1841-1849       55     0.02232  0.02208  0.51   43156     953   42684   757059  17.54
1841-1849       56     0.02372  0.02345  0.50   42203     990   41713   714375  16.93
1841-1849       57     0.02524  0.02493  0.50   41213    1028   40704   672663  16.32
1841-1849       58     0.02679  0.02644  0.50   40186    1063   39658   631958  15.73
1841-1849       59     0.02819  0.02780  0.50   39123    1088   38583   592300  15.14
1841-1849       60     0.02979  0.02936  0.51   38035    1117   37483   553717  14.56
1841-1849       61     0.03108  0.03061  0.50   36919    1130   36358   516235  13.98
1841-1849       62     0.03344  0.03290  0.51   35789    1177   35206   479876  13.41
1841-1849       63     0.03561  0.03499  0.51   34611    1211   34012   444670  12.85
1841-1849       64     0.03824  0.03753  0.51   33400    1254   32780   410658  12.30
1841-1849       65     0.04187  0.04102  0.51   32146    1319   31497   377878  11.75
1841-1849       66     0.04173  0.04088  0.51   30828    1260   30204   346382  11.24
1841-1849       67     0.04459  0.04363  0.51   29567    1290   28929   316177  10.69
1841-1849       68     0.05035  0.04912  0.50   28277    1389   27589   287248  10.16
1841-1849       69     0.05521  0.05373  0.50   26888    1445   26171   259659   9.66
1841-1849       70     0.06084  0.05905  0.50   25443    1503   24697   233489   9.18
1841-1849       71     0.05972  0.05799  0.50   23941    1388   23251   208792   8.72
1841-1849       72     0.07329  0.07073  0.50   22552    1595   21762   185541   8.23
1841-1849       73     0.07820  0.07527  0.50   20957    1577   20174   163779   7.81
1841-1849       74     0.08509  0.08164  0.50   19380    1582   18593   143606   7.41
1841-1849       75     0.09137  0.08741  0.50   17798    1556   17027   125013   7.02
1841-1849       76     0.09860  0.09400  0.50   16242    1527   15485   107986   6.65
1841-1849       77     0.10401  0.09894  0.51   14715    1456   13998    92501   6.29
1841-1849       78     0.11528  0.10907  0.51   13259    1446   12546    78503   5.92
1841-1849       79     0.12453  0.11736  0.51   11813    1386   11133    65957   5.58
1841-1849       80     0.13475  0.12635  0.51   10427    1317    9777    54824   5.26
1841-1849       81     0.13841  0.12957  0.51    9109    1180    8528    45047   4.95
1841-1849       82     0.16140  0.14951  0.51    7929    1186    7345    36520   4.61
1841-1849       83     0.17616  0.16209  0.51    6744    1093    6205    29175   4.33
1841-1849       84     0.19881  0.18104  0.51    5650    1023    5145    22970   4.07
1841-1849       85     0.20948  0.18980  0.51    4628     878    4193    17824   3.85
1841-1849       86     0.22943  0.20601  0.50    3749     772    3367    13632   3.64
1841-1849       87     0.24514  0.21865  0.51    2977     651    2655    10265   3.45
1841-1849       88     0.25642  0.22745  0.50    2326     529    2063     7610   3.27
1841-1849       89     0.27707  0.24376  0.51    1797     438    1581     5547   3.09
1841-1849       90     0.29983  0.26101  0.50    1359     355    1183     3966   2.92
1841-1849       91     0.30674  0.26611  0.50    1004     267     871     2783   2.77
1841-1849       92     0.33712  0.28860  0.50     737     213     631     1912   2.59
1841-1849       93     0.36249  0.30720  0.50     524     161     444     1281   2.44
1841-1849       94     0.39784  0.33198  0.50     363     121     303      836   2.30
1841-1849       95     0.41311  0.34222  0.50     243      83     201      533   2.20
1841-1849       96     0.43495  0.35717  0.50     160      57     131      332   2.08
1841-1849       97     0.47617  0.38456  0.50     103      39      83      201   1.96
1841-1849       98     0.51828  0.41129  0.50      63      26      50      118   1.87
1841-1849       99     0.53708  0.42377  0.50      37      16      29       68   1.84
1841-1849      100     0.52737  0.41600  0.49      21       9      17       39   1.82
1841-1849      101     0.50428  0.40138  0.49      13       5      10       22   1.76
1841-1849      102     0.59494  0.45682  0.49       7       3       6       12   1.61
1841-1849      103     0.63295  0.47738  0.49       4       2       3        6   1.56
1841-1849      104     0.55081  0.43158  0.50       2       1       2        3   1.54
1841-1849      105     0.71203  0.52321  0.49       1       1       1        2   1.32
1841-1849      106     0.58085  0.44900  0.49       1       0       0        1   1.24
1841-1849      107     1.18721  0.73107  0.47       0       0       0        0   0.84
1841-1849      108     1.02273  0.67265  0.49       0       0       0        0   0.84
1841-1849      109     1.83264  1.00000  0.55       0       0       0        0   0.55
1841-1849      110+          .        .     .       0       0       0        0      .
1850-1859        0     0.17155  0.15434  0.35  100000   15434   89968  4305807  43.06
1850-1859        1     0.06599  0.06378  0.48   84566    5394   81735  4215839  49.85
1850-1859        2     0.03527  0.03465  0.50   79172    2744   77795  4134104  52.22
1850-1859        3     0.02406  0.02378  0.50   76429    1817   75521  4056309  53.07
1850-1859        4     0.01789  0.01773  0.50   74611    1323   73948  3980788  53.35
1850-1859        5     0.01344  0.01335  0.50   73288     978   72799  3906840  53.31
1850-1859        6     0.01026  0.01020  0.50   72310     738   71941  3834041  53.02
1850-1859        7     0.00774  0.00771  0.50   71572     551   71296  3762100  52.56
1850-1859        8     0.00584  0.00582  0.50   71020     413   70813  3690804  51.97
1850-1859        9     0.00473  0.00472  0.50   70607     333   70440  3619992  51.27
1850-1859       10     0.00440  0.00439  0.51   70274     308   70121  3549552  50.51
1850-1859       11     0.00432  0.00432  0.51   69965     302   69816  3479430  49.73
1850-1859       12     0.00433  0.00433  0.50   69663     301   69514  3409614  48.94
1850-1859       13     0.00442  0.00441  0.50   69362     306   69210  3340101  48.15
1850-1859       14     0.00466  0.00465  0.50   69056     321   68897  3270891  47.37
1850-1859       15     0.00506  0.00505  0.51   68735     347   68564  3201994  46.58
1850-1859       16     0.00547  0.00545  0.50   68388     373   68204  3133430  45.82
1850-1859       17     0.00582  0.00580  0.50   68015     395   67820  3065227  45.07
1850-1859       18     0.00614  0.00612  0.51   67621     414   67416  2997407  44.33
1850-1859       19     0.00643  0.00641  0.50   67207     431   66993  2929991  43.60
1850-1859       20     0.00666  0.00664  0.50   66776     444   66554  2862998  42.87
1850-1859       21     0.00679  0.00677  0.50   66332     449   66107  2796444  42.16
1850-1859       22     0.00685  0.00683  0.50   65883     450   65658  2730337  41.44
1850-1859       23     0.00695  0.00692  0.50   65433     453   65207  2664680  40.72
1850-1859       24     0.00704  0.00702  0.50   64980     456   64752  2599473  40.00
1850-1859       25     0.00707  0.00704  0.50   64524     455   64296  2534721  39.28
1850-1859       26     0.00712  0.00709  0.50   64069     454   63842  2470425  38.56
1850-1859       27     0.00721  0.00719  0.50   63615     457   63386  2406583  37.83
1850-1859       28     0.00735  0.00732  0.50   63158     462   62926  2343197  37.10
1850-1859       29     0.00749  0.00747  0.50   62696     468   62461  2280271  36.37
1850-1859       30     0.00770  0.00767  0.50   62227     477   61989  2217810  35.64
1850-1859       31     0.00800  0.00797  0.50   61750     492   61504  2155820  34.91
1850-1859       32     0.00828  0.00825  0.50   61258     505   61005  2094316  34.19
1850-1859       33     0.00859  0.00855  0.50   60753     520   60493  2033311  33.47
1850-1859       34     0.00889  0.00885  0.50   60233     533   59966  1972818  32.75
1850-1859       35     0.00916  0.00912  0.50   59700     545   59429  1912851  32.04
1850-1859       36     0.00944  0.00940  0.50   59156     556   58879  1853422  31.33
1850-1859       37     0.00975  0.00971  0.50   58600     569   58317  1794543  30.62
1850-1859       38     0.01012  0.01007  0.50   58031     585   57740  1736226  29.92
1850-1859       39     0.01057  0.01051  0.50   57446     604   57147  1678486  29.22
1850-1859       40     0.01098  0.01092  0.50   56842     621   56534  1621339  28.52
1850-1859       41     0.01127  0.01120  0.50   56222     630   55908  1564805  27.83
1850-1859       42     0.01158  0.01152  0.50   55592     640   55274  1508896  27.14
1850-1859       43     0.01188  0.01181  0.50   54951     649   54629  1453623  26.45
1850-1859       44     0.01223  0.01215  0.50   54303     660   53975  1398994  25.76
1850-1859       45     0.01263  0.01255  0.50   53643     673   53309  1345019  25.07
1850-1859       46     0.01304  0.01296  0.50   52970     686   52629  1291710  24.39
1850-1859       47     0.01354  0.01345  0.50   52283     703   51935  1239080  23.70
1850-1859       48     0.01415  0.01405  0.50   51580     725   51221  1187146  23.02
1850-1859       49     0.01474  0.01464  0.50   50855     744   50486  1135925  22.34
1850-1859       50     0.01527  0.01515  0.50   50111     759   49733  1085440  21.66
1850-1859       51     0.01554  0.01542  0.50   49352     761   48973  1035706  20.99
1850-1859       52     0.01657  0.01643  0.50   48591     799   48195   986733  20.31
1850-1859       53     0.01719  0.01705  0.50   47792     815   47388   938538  19.64
1850-1859       54     0.01848  0.01832  0.50   46978     860   46551   891150  18.97
1850-1859       55     0.01879  0.01861  0.50   46117     858   45692   844598  18.31
1850-1859       56     0.02077  0.02056  0.50   45259     930   44797   798907  17.65
1850-1859       57     0.02118  0.02096  0.50   44329     929   43867   754109  17.01
1850-1859       58     0.02344  0.02317  0.50   43399    1005   42899   710242  16.37
1850-1859       59     0.02500  0.02469  0.50   42394    1047   41872   667343  15.74
1850-1859       60     0.02707  0.02671  0.50   41347    1104   40797   625471  15.13
1850-1859       61     0.02572  0.02539  0.50   40243    1022   39734   584674  14.53
1850-1859       62     0.03087  0.03041  0.50   39221    1193   38628   544940  13.89
1850-1859       63     0.03232  0.03180  0.50   38029    1209   37426   506312  13.31
1850-1859       64     0.03499  0.03439  0.50   36819    1266   36189   468885  12.73
1850-1859       65     0.03818  0.03747  0.50   35553    1332   34890   432697  12.17
1850-1859       66     0.03675  0.03609  0.50   34221    1235   33606   397806  11.62
1850-1859       67     0.04044  0.03964  0.50   32986    1308   32336   364200  11.04
1850-1859       68     0.04677  0.04571  0.50   31678    1448   30960   331863  10.48
1850-1859       69     0.05039  0.04917  0.51   30230    1486   29497   300904   9.95
1850-1859       70     0.05458  0.05315  0.51   28744    1528   27989   271407   9.44
1850-1859       71     0.05580  0.05431  0.51   27216    1478   26488   243418   8.94
1850-1859       72     0.06762  0.06544  0.51   25738    1684   24906   216930   8.43
1850-1859       73     0.07376  0.07117  0.51   24054    1712   23209   192024   7.98
1850-1859       74     0.08136  0.07822  0.51   22342    1748   21479   168814   7.56
1850-1859       75     0.08803  0.08437  0.51   20594    1737   19737   147336   7.15
1850-1859       76     0.09696  0.09255  0.51   18857    1745   17998   127598   6.77
1850-1859       77     0.10353  0.09850  0.51   17112    1686   16281   109601   6.41
1850-1859       78     0.11563  0.10940  0.51   15426    1688   14594    93320   6.05
1850-1859       79     0.12321  0.11615  0.51   13739    1596   12951    78726   5.73
1850-1859       80     0.13209  0.12404  0.51   12143    1506   11402    65775   5.42
1850-1859       81     0.13803  0.12923  0.51   10637    1375    9958    54372   5.11
1850-1859       82     0.15755  0.14616  0.51    9262    1354    8593    44414   4.80
1850-1859       83     0.16852  0.15558  0.51    7908    1230    7301    35821   4.53
1850-1859       84     0.18795  0.17200  0.51    6678    1149    6111    28520   4.27
1850-1859       85     0.19772  0.18009  0.50    5529     996    5036    22409   4.05
1850-1859       86     0.21574  0.19492  0.51    4534     884    4096    17373   3.83
1850-1859       87     0.23131  0.20759  0.51    3650     758    3276    13277   3.64
1850-1859       88     0.23877  0.21353  0.50    2892     618    2586    10001   3.46
1850-1859       89     0.26282  0.23261  0.51    2275     529    2013     7415   3.26
1850-1859       90     0.27730  0.24370  0.50    1746     425    1534     5401   3.09
1850-1859       91     0.28856  0.25247  0.50    1320     333    1155     3867   2.93
1850-1859       92     0.31372  0.27145  0.50     987     268     854     2712   2.75
1850-1859       93     0.33768  0.28911  0.50     719     208     616     1858   2.58
1850-1859       94     0.36344  0.30782  0.50     511     157     433     1243   2.43
1850-1859       95     0.39061  0.32679  0.50     354     116     296      810   2.29
1850-1859       96     0.42512  0.35055  0.50     238      83     196      514   2.16
1850-1859       97     0.44172  0.36161  0.50     155      56     127      317   2.05
1850-1859       98     0.47961  0.38684  0.50      99      38      80      191   1.93
1850-1859       99     0.51702  0.41039  0.50      61      25      48      111   1.84
1850-1859      100     0.52184  0.41238  0.49      36      15      28       63   1.77
1850-1859      101     0.54168  0.42500  0.49      21       9      16       35   1.66
1850-1859      102     0.60905  0.46486  0.49      12       6       9       18   1.53
1850-1859      103     0.69899  0.51599  0.49       6       3       5        9   1.43
1850-1859      104     0.65741  0.49198  0.49       3       2       2        4   1.43
1850-1859      105     0.70986  0.52224  0.49       2       1       1        2   1.35
1850-1859      106     0.85139  0.59562  0.50       1       0       1        1   1.28
1850-1859      107     0.67628  0.50201  0.49       0       0       0        0   1.44
1850-1859      108     0.65040  0.49598  0.52       0       0       0        0   1.41
1850-1859      109     0.86622  0.60000  0.49       0       0       0        0   1.29
1850-1859      110+    0.67416  1.00000  1.48       0       0       0        0   1.48
1860-1869        0     0.17083  0.15376  0.35  100000   15376   90006  4538903  45.39
1860-1869        1     0.06700  0.06471  0.47   84624    5476   81741  4448897  52.57
1860-1869        2     0.03395  0.03338  0.50   79148    2642   77816  4367156  55.18
1860-1869        3     0.02195  0.02171  0.49   76506    1661   75664  4289340  56.07
1860-1869        4     0.01541  0.01529  0.50   74845    1144   74268  4213677  56.30
1860-1869        5     0.01137  0.01131  0.50   73701     833   73284  4139409  56.17
1860-1869        6     0.00870  0.00867  0.50   72867     631   72551  4066125  55.80
1860-1869        7     0.00660  0.00658  0.50   72236     475   71998  3993574  55.29
1860-1869        8     0.00508  0.00507  0.50   71761     364   71579  3921575  54.65
1860-1869        9     0.00414  0.00413  0.50   71397     295   71249  3849997  53.92
1860-1869       10     0.00371  0.00370  0.50   71102     263   70971  3778748  53.15
1860-1869       11     0.00349  0.00348  0.50   70839     247   70716  3707777  52.34
1860-1869       12     0.00343  0.00342  0.50   70592     242   70472  3637060  51.52
1860-1869       13     0.00353  0.00353  0.50   70351     248   70228  3566588  50.70
1860-1869       14     0.00377  0.00376  0.50   70103     264   69972  3496360  49.87
1860-1869       15     0.00409  0.00408  0.50   69839     285   69698  3426388  49.06
1860-1869       16     0.00441  0.00440  0.51   69554     306   69402  3356690  48.26
1860-1869       17     0.00470  0.00469  0.51   69248     325   69087  3287288  47.47
1860-1869       18     0.00495  0.00494  0.50   68923     340   68755  3218201  46.69
1860-1869       19     0.00514  0.00512  0.50   68583     351   68409  3149446  45.92
1860-1869       20     0.00529  0.00528  0.50   68231     360   68052  3081037  45.16
1860-1869       21     0.00545  0.00543  0.50   67871     369   67687  3012986  44.39
1860-1869       22     0.00558  0.00556  0.50   67503     375   67315  2945298  43.63
1860-1869       23     0.00568  0.00567  0.50   67127     380   66937  2877983  42.87
1860-1869       24     0.00578  0.00576  0.50   66747     384   66555  2811046  42.11
1860-1869       25     0.00586  0.00584  0.50   66363     388   66168  2744491  41.36
1860-1869       26     0.00594  0.00593  0.50   65975     391   65779  2678323  40.60
1860-1869       27     0.00606  0.00604  0.50   65584     396   65386  2612543  39.84
1860-1869       28     0.00621  0.00619  0.50   65188     403   64986  2547158  39.07
1860-1869       29     0.00640  0.00638  0.50   64785     413   64578  2482172  38.31
1860-1869       30     0.00659  0.00657  0.50   64371     423   64160  2417593  37.56
1860-1869       31     0.00674  0.00671  0.50   63949     429   63734  2353433  36.80
1860-1869       32     0.00694  0.00692  0.50   63519     439   63300  2289699  36.05
1860-1869       33     0.00713  0.00710  0.50   63080     448   62856  2226399  35.29
1860-1869       34     0.00737  0.00735  0.50   62632     460   62402  2163543  34.54
1860-1869       35     0.00767  0.00764  0.50   62172     475   61936  2101141  33.80
1860-1869       36     0.00793  0.00790  0.50   61697     487   61455  2039205  33.05
1860-1869       37     0.00821  0.00818  0.50   61210     501   60961  1977751  32.31
1860-1869       38     0.00849  0.00845  0.50   60709     513   60453  1916790  31.57
1860-1869       39     0.00870  0.00866  0.50   60196     521   59936  1856337  30.84
1860-1869       40     0.00885  0.00881  0.50   59674     526   59412  1796401  30.10
1860-1869       41     0.00881  0.00877  0.50   59148     519   58890  1736989  29.37
1860-1869       42     0.00927  0.00922  0.50   58630     541   58361  1678099  28.62
1860-1869       43     0.00928  0.00924  0.50   58089     537   57822  1619739  27.88
1860-1869       44     0.00958  0.00953  0.50   57552     549   57279  1561917  27.14
1860-1869       45     0.01026  0.01021  0.50   57003     582   56715  1504637  26.40
1860-1869       46     0.01037  0.01032  0.50   56421     582   56132  1447922  25.66
1860-1869       47     0.01088  0.01082  0.50   55839     604   55539  1391790  24.92
1860-1869       48     0.01181  0.01174  0.50   55235     649   54913  1336251  24.19
1860-1869       49     0.01278  0.01270  0.50   54586     693   54240  1281338  23.47
1860-1869       50     0.01361  0.01351  0.50   53893     728   53529  1227098  22.77
1860-1869       51     0.01240  0.01233  0.50   53165     655   52837  1173568  22.07
1860-1869       52     0.01504  0.01493  0.50   52509     784   52118  1120731  21.34
1860-1869       53     0.01504  0.01493  0.50   51725     772   51339  1068614  20.66
1860-1869       54     0.01599  0.01587  0.50   50953     808   50549  1017274  19.96
1860-1869       55     0.01525  0.01514  0.50   50145     759   49765   966726  19.28
1860-1869       56     0.01734  0.01719  0.50   49386     849   48961   916961  18.57
1860-1869       57     0.01754  0.01739  0.50   48536     844   48115   868000  17.88
1860-1869       58     0.01975  0.01955  0.50   47692     933   47228   819885  17.19
1860-1869       59     0.02038  0.02018  0.50   46760     943   46292   772657  16.52
1860-1869       60     0.02204  0.02181  0.50   45816     999   45321   726365  15.85
1860-1869       61     0.02193  0.02169  0.50   44817     972   44336   681044  15.20
1860-1869       62     0.02628  0.02594  0.50   43845    1138   43280   636708  14.52
1860-1869       63     0.02865  0.02825  0.50   42708    1206   42109   593428  13.90
1860-1869       64     0.03120  0.03073  0.50   41501    1275   40868   551319  13.28
1860-1869       65     0.03504  0.03444  0.50   40226    1385   39540   510450  12.69
1860-1869       66     0.03476  0.03417  0.51   38840    1327   38184   470911  12.12
1860-1869       67     0.03915  0.03840  0.51   37513    1441   36800   432727  11.54
1860-1869       68     0.04332  0.04241  0.50   36073    1530   35315   395926  10.98
1860-1869       69     0.04731  0.04622  0.50   34543    1597   33751   360612  10.44
1860-1869       70     0.05165  0.05037  0.51   32946    1659   32128   326861   9.92
1860-1869       71     0.05395  0.05255  0.50   31287    1644   30473   294733   9.42
1860-1869       72     0.06350  0.06157  0.50   29643    1825   28738   264260   8.91
1860-1869       73     0.06856  0.06631  0.50   27818    1844   26904   235522   8.47
1860-1869       74     0.07477  0.07210  0.50   25973    1873   25045   208618   8.03
1860-1869       75     0.08049  0.07741  0.51   24101    1866   23178   183572   7.62
1860-1869       76     0.08847  0.08476  0.51   22235    1885   21303   160394   7.21
1860-1869       77     0.09233  0.08830  0.51   20350    1797   19462   139091   6.83
1860-1869       78     0.10269  0.09772  0.51   18554    1813   17657   119629   6.45
1860-1869       79     0.11201  0.10613  0.51   16740    1777   15863   101972   6.09
1860-1869       80     0.11655  0.11020  0.51   14964    1649   14148    86110   5.75
1860-1869       81     0.12239  0.11542  0.51   13315    1537   12557    71962   5.40
1860-1869       82     0.14083  0.13167  0.51   11778    1551   11012    59405   5.04
1860-1869       83     0.15588  0.14472  0.51   10227    1480    9495    48392   4.73
1860-1869       84     0.17273  0.15915  0.51    8747    1392    8059    38897   4.45
1860-1869       85     0.18522  0.16965  0.50    7355    1248    6737    30838   4.19
1860-1869       86     0.20645  0.18727  0.50    6107    1144    5540    24102   3.95
1860-1869       87     0.21924  0.19768  0.50    4963     981    4475    18562   3.74
1860-1869       88     0.23350  0.20927  0.50    3982     833    3569    14086   3.54
1860-1869       89     0.25601  0.22711  0.50    3149     715    2793    10517   3.34
1860-1869       90     0.26984  0.23779  0.50    2434     579    2145     7724   3.17
1860-1869       91     0.28098  0.24640  0.50    1855     457    1627     5579   3.01
1860-1869       92     0.30858  0.26743  0.50    1398     374    1212     3952   2.83
1860-1869       93     0.33234  0.28510  0.50    1024     292     879     2741   2.68
1860-1869       94     0.35432  0.30103  0.50     732     220     622     1862   2.54
1860-1869       95     0.36987  0.31187  0.50     512     160     431     1240   2.42
1860-1869       96     0.40578  0.33708  0.50     352     119     293      809   2.30
1860-1869       97     0.41328  0.34229  0.50     233      80     193      516   2.21
1860-1869       98     0.44741  0.36538  0.50     154      56     125      323   2.10
1860-1869       99     0.43950  0.36011  0.50      97      35      80      197   2.03
1860-1869      100     0.49627  0.39635  0.49      62      25      50      118   1.89
1860-1869      101     0.53158  0.41893  0.49      38      16      30       68   1.80
1860-1869      102     0.50606  0.40281  0.49      22       9      17       38   1.75
1860-1869      103     0.58583  0.45174  0.49      13       6      10       21   1.59
1860-1869      104     0.60110  0.46221  0.50       7       3       6       11   1.50
1860-1869      105     0.76235  0.54888  0.49       4       2       3        5   1.35
1860-1869      106     0.63974  0.48250  0.49       2       1       1        2   1.40
1860-1869      107     0.74541  0.54309  0.50       1       0       1        1   1.24
1860-1869      108     0.83635  0.58336  0.48       0       0       0        0   1.13
1860-1869      109     1.05955  0.68156  0.48       0       0       0        0   1.04
1860-1869      110+    0.80699  1.00000  1.24       0       0       0        0   1.24
1870-1879        0     0.16570  0.14959  0.35  100000   14959   90277  4840059  48.40
1870-1879        1     0.05999  0.05815  0.47   85041    4945   82433  4749783  55.85
1870-1879        2     0.02703  0.02667  0.50   80096    2136   79022  4667349  58.27
1870-1879        3     0.01780  0.01764  0.50   77960    1375   77269  4588327  58.86
1870-1879        4     0.01304  0.01296  0.50   76585     992   76084  4511058  58.90
1870-1879        5     0.00942  0.00938  0.50   75592     709   75237  4434974  58.67
1870-1879        6     0.00706  0.00704  0.50   74884     527   74619  4359738  58.22
1870-1879        7     0.00530  0.00529  0.50   74357     393   74160  4285118  57.63
1870-1879        8     0.00404  0.00404  0.50   73964     299   73814  4210959  56.93
1870-1879        9     0.00329  0.00328  0.50   73665     242   73544  4137145  56.16
1870-1879       10     0.00297  0.00297  0.50   73423     218   73315  4063601  55.34
1870-1879       11     0.00283  0.00283  0.50   73206     207   73103  3990285  54.51
1870-1879       12     0.00281  0.00281  0.50   72998     205   72897  3917182  53.66
1870-1879       13     0.00292  0.00291  0.50   72793     212   72688  3844286  52.81
1870-1879       14     0.00314  0.00313  0.50   72581     227   72468  3771597  51.96
1870-1879       15     0.00344  0.00343  0.51   72354     248   72231  3699129  51.13
1870-1879       16     0.00371  0.00370  0.50   72106     267   71974  3626898  50.30
1870-1879       17     0.00394  0.00393  0.51   71839     282   71699  3554924  49.48
1870-1879       18     0.00414  0.00413  0.51   71556     295   71410  3483225  48.68
1870-1879       19     0.00429  0.00428  0.51   71261     305   71110  3411815  47.88
1870-1879       20     0.00440  0.00439  0.50   70956     312   70800  3340705  47.08
1870-1879       21     0.00449  0.00448  0.50   70644     316   70486  3269905  46.29
1870-1879       22     0.00459  0.00458  0.50   70327     322   70167  3199419  45.49
1870-1879       23     0.00465  0.00464  0.50   70006     325   69843  3129252  44.70
1870-1879       24     0.00471  0.00470  0.50   69681     327   69517  3059409  43.91
1870-1879       25     0.00476  0.00475  0.50   69353     329   69188  2989892  43.11
1870-1879       26     0.00483  0.00482  0.50   69024     332   68858  2920704  42.31
1870-1879       27     0.00493  0.00491  0.50   68692     337   68523  2851846  41.52
1870-1879       28     0.00505  0.00504  0.50   68354     344   68182  2783324  40.72
1870-1879       29     0.00516  0.00515  0.50   68010     350   67834  2715142  39.92
1870-1879       30     0.00525  0.00523  0.50   67659     354   67482  2647308  39.13
1870-1879       31     0.00528  0.00526  0.50   67305     354   67128  2579826  38.33
1870-1879       32     0.00547  0.00546  0.50   66951     365   66768  2512698  37.53
1870-1879       33     0.00552  0.00551  0.50   66586     367   66402  2445930  36.73
1870-1879       34     0.00579  0.00577  0.50   66219     382   66028  2379528  35.93
1870-1879       35     0.00614  0.00612  0.50   65837     403   65637  2313500  35.14
1870-1879       36     0.00656  0.00654  0.51   65434     428   65222  2247863  34.35
1870-1879       37     0.00703  0.00701  0.51   65006     456   64781  2182640  33.58
1870-1879       38     0.00816  0.00813  0.51   64550     525   64293  2117860  32.81
1870-1879       39     0.00848  0.00845  0.50   64026     541   63757  2053567  32.07
1870-1879       40     0.00853  0.00849  0.50   63485     539   63216  1989810  31.34
1870-1879       41     0.00789  0.00786  0.50   62946     495   62699  1926594  30.61
1870-1879       42     0.00890  0.00886  0.50   62451     553   62175  1863895  29.85
1870-1879       43     0.00831  0.00828  0.50   61898     512   61641  1801720  29.11
1870-1879       44     0.00833  0.00830  0.50   61385     509   61130  1740078  28.35
1870-1879       45     0.00877  0.00874  0.50   60876     532   60610  1678948  27.58
1870-1879       46     0.00865  0.00861  0.50   60344     520   60084  1618339  26.82
1870-1879       47     0.00902  0.00898  0.50   59825     537   59556  1558255  26.05
1870-1879       48     0.00956  0.00951  0.50   59287     564   59005  1498699  25.28
1870-1879       49     0.00989  0.00984  0.50   58723     578   58436  1439694  24.52
1870-1879       50     0.01044  0.01038  0.50   58145     604   57845  1381258  23.76
1870-1879       51     0.01016  0.01010  0.50   57542     581   57253  1323414  23.00
1870-1879       52     0.01198  0.01191  0.50   56960     679   56622  1266161  22.23
1870-1879       53     0.01248  0.01241  0.50   56282     698   55935  1209539  21.49
1870-1879       54     0.01362  0.01352  0.50   55583     752   55209  1153604  20.75
1870-1879       55     0.01329  0.01320  0.50   54832     724   54471  1098395  20.03
1870-1879       56     0.01543  0.01531  0.50   54108     828   53696  1043924  19.29
1870-1879       57     0.01614  0.01601  0.50   53279     853   52855   990229  18.59
1870-1879       58     0.01826  0.01810  0.50   52427     949   51954   937374  17.88
1870-1879       59     0.01936  0.01917  0.50   51478     987   50986   885420  17.20
1870-1879       60     0.02059  0.02039  0.50   50491    1029   49981   834434  16.53
1870-1879       61     0.02128  0.02106  0.50   49461    1042   48944   784453  15.86
1870-1879       62     0.02511  0.02480  0.50   48420    1201   47822   735509  15.19
1870-1879       63     0.02729  0.02693  0.50   47219    1272   46586   687687  14.56
1870-1879       64     0.02964  0.02921  0.50   45947    1342   45279   641101  13.95
1870-1879       65     0.03157  0.03108  0.50   44605    1386   43916   595822  13.36
1870-1879       66     0.03181  0.03131  0.50   43219    1353   42546   551906  12.77
1870-1879       67     0.03587  0.03525  0.50   41865    1476   41132   509360  12.17
1870-1879       68     0.03881  0.03808  0.50   40390    1538   39625   468228  11.59
1870-1879       69     0.04254  0.04166  0.50   38852    1619   38047   428603  11.03
1870-1879       70     0.04519  0.04419  0.50   37233    1645   36415   390556  10.49
1870-1879       71     0.04634  0.04530  0.50   35588    1612   34789   354141   9.95
1870-1879       72     0.05518  0.05371  0.50   33976    1825   33070   319352   9.40
1870-1879       73     0.06059  0.05882  0.50   32151    1891   31212   286282   8.90
1870-1879       74     0.06674  0.06460  0.50   30260    1955   29290   255070   8.43
1870-1879       75     0.07220  0.06971  0.50   28305    1973   27327   225780   7.98
1870-1879       76     0.08047  0.07738  0.50   26332    2038   25322   198453   7.54
1870-1879       77     0.08583  0.08232  0.50   24294    2000   23301   173131   7.13
1870-1879       78     0.09688  0.09244  0.50   22294    2061   21273   149831   6.72
1870-1879       79     0.10739  0.10195  0.50   20233    2063   19209   128558   6.35
1870-1879       80     0.11246  0.10651  0.50   18171    1935   17209   109349   6.02
1870-1879       81     0.11874  0.11213  0.50   16235    1820   15330    92140   5.68
1870-1879       82     0.13388  0.12554  0.50   14415    1810   13517    76810   5.33
1870-1879       83     0.14661  0.13667  0.50   12605    1723   11751    63293   5.02
1870-1879       84     0.16267  0.15050  0.50   10882    1638   10068    51542   4.74
1870-1879       85     0.17292  0.15919  0.50    9245    1472    8511    41474   4.49
1870-1879       86     0.18851  0.17232  0.50    7773    1339    7105    32963   4.24
1870-1879       87     0.20190  0.18345  0.50    6434    1180    5846    25858   4.02
1870-1879       88     0.21344  0.19296  0.50    5253    1014    4749    20012   3.81
1870-1879       89     0.23115  0.20729  0.50    4240     879    3802    15263   3.60
1870-1879       90     0.24479  0.21810  0.50    3361     733    2994    11461   3.41
1870-1879       91     0.25731  0.22798  0.50    2628     599    2328     8467   3.22
1870-1879       92     0.28347  0.24832  0.50    2029     504    1777     6138   3.03
1870-1879       93     0.30148  0.26204  0.50    1525     400    1325     4361   2.86
1870-1879       94     0.32281  0.27810  0.50    1125     313     969     3036   2.70
1870-1879       95     0.34865  0.29673  0.50     812     241     691     2066   2.54
1870-1879       96     0.37572  0.31611  0.50     571     181     481     1375   2.41
1870-1879       97     0.39522  0.32973  0.50     391     129     326      894   2.29
1870-1879       98     0.42290  0.34873  0.50     262      91     216      568   2.17
1870-1879       99     0.43744  0.35868  0.50     171      61     140      352   2.07
1870-1879      100     0.47133  0.38023  0.49     109      42      88      212   1.94
1870-1879      101     0.52354  0.41317  0.49      68      28      54      124   1.83
1870-1879      102     0.52054  0.41147  0.49      40      16      31       71   1.78
1870-1879      103     0.54622  0.42747  0.49      23      10      18       39   1.68
1870-1879      104     0.57968  0.44672  0.49      13       6      10       21   1.56
1870-1879      105     0.67176  0.50113  0.49       7       4       6       11   1.43
1870-1879      106     0.63635  0.48047  0.49       4       2       3        5   1.37
1870-1879      107     0.72901  0.53219  0.49       2       1       1        2   1.19
1870-1879      108     1.01418  0.67276  0.50       1       1       1        1   0.98
1870-1879      109     0.97385  0.65283  0.50       0       0       0        0   0.97
1870-1879      110+    1.17633  1.00000  0.85       0       0       0        0   0.85
1880-1889        0     0.15630  0.14188  0.35  100000   14188   90778  5040981  50.41
1880-1889        1     0.05548  0.05391  0.48   85812    4626   83388  4950204  57.69
1880-1889        2     0.02298  0.02272  0.50   81185    1844   80256  4866816  59.95
1880-1889        3     0.01455  0.01444  0.50   79341    1146   78764  4786560  60.33
1880-1889        4     0.01037  0.01032  0.50   78195     807   77788  4707796  60.21
1880-1889        5     0.00739  0.00736  0.50   77389     570   77103  4630007  59.83
1880-1889        6     0.00567  0.00565  0.50   76819     434   76602  4552904  59.27
1880-1889        7     0.00428  0.00428  0.50   76385     327   76221  4476302  58.60
1880-1889        8     0.00328  0.00327  0.50   76058     249   75934  4400081  57.85
1880-1889        9     0.00269  0.00268  0.50   75810     203   75708  4324147  57.04
1880-1889       10     0.00244  0.00244  0.50   75606     184   75515  4248439  56.19
1880-1889       11     0.00234  0.00233  0.50   75422     176   75335  4172925  55.33
1880-1889       12     0.00234  0.00234  0.50   75246     176   75159  4097590  54.46
1880-1889       13     0.00241  0.00241  0.50   75070     181   74980  4022431  53.58
1880-1889       14     0.00257  0.00256  0.50   74889     192   74794  3947451  52.71
1880-1889       15     0.00280  0.00280  0.50   74697     209   74594  3872657  51.84
1880-1889       16     0.00302  0.00302  0.51   74488     225   74377  3798063  50.99
1880-1889       17     0.00322  0.00322  0.51   74264     239   74145  3723686  50.14
1880-1889       18     0.00339  0.00339  0.50   74025     251   73900  3649541  49.30
1880-1889       19     0.00352  0.00351  0.50   73774     259   73645  3575641  48.47
1880-1889       20     0.00358  0.00358  0.50   73515     263   73383  3501995  47.64
1880-1889       21     0.00363  0.00362  0.50   73252     265   73119  3428612  46.81
1880-1889       22     0.00366  0.00366  0.50   72987     267   72853  3355493  45.97
1880-1889       23     0.00372  0.00372  0.50   72720     270   72584  3282641  45.14
1880-1889       24     0.00394  0.00393  0.51   72450     285   72309  3210056  44.31
1880-1889       25     0.00449  0.00448  0.51   72165     323   72007  3137747  43.48
1880-1889       26     0.00551  0.00550  0.52   71841     395   71651  3065740  42.67
1880-1889       27     0.00688  0.00686  0.52   71446     490   71210  2994089  41.91
1880-1889       28     0.00883  0.00879  0.52   70956     624   70660  2922879  41.19
1880-1889       29     0.00941  0.00937  0.51   70333     659   70010  2852219  40.55
1880-1889       30     0.00928  0.00923  0.51   69674     643   69357  2782209  39.93
1880-1889       31     0.00837  0.00833  0.51   69030     575   68747  2712852  39.30
1880-1889       32     0.00855  0.00852  0.51   68455     583   68167  2644105  38.63
1880-1889       33     0.00795  0.00792  0.50   67872     538   67605  2575939  37.95
1880-1889       34     0.00772  0.00769  0.50   67334     518   67076  2508334  37.25
1880-1889       35     0.00737  0.00734  0.50   66816     490   66571  2441257  36.54
1880-1889       36     0.00684  0.00682  0.50   66326     452   66099  2374686  35.80
1880-1889       37     0.00631  0.00629  0.50   65874     414   65665  2308587  35.05
1880-1889       38     0.00598  0.00596  0.49   65460     390   65260  2242922  34.26
1880-1889       39     0.00562  0.00560  0.50   65069     365   64886  2177661  33.47
1880-1889       40     0.00572  0.00570  0.50   64705     369   64520  2112775  32.65
1880-1889       41     0.00558  0.00556  0.50   64336     358   64157  2048255  31.84
1880-1889       42     0.00649  0.00647  0.50   63978     414   63771  1984098  31.01
1880-1889       43     0.00631  0.00629  0.50   63564     400   63365  1920327  30.21
1880-1889       44     0.00651  0.00649  0.50   63164     410   62959  1856962  29.40
1880-1889       45     0.00703  0.00700  0.50   62755     440   62535  1794003  28.59
1880-1889       46     0.00728  0.00726  0.50   62315     452   62089  1731468  27.79
1880-1889       47     0.00780  0.00777  0.50   61863     481   61623  1669378  26.99
1880-1889       48     0.00838  0.00835  0.50   61382     512   61126  1607756  26.19
1880-1889       49     0.00905  0.00900  0.50   60870     548   60595  1546629  25.41
1880-1889       50     0.00952  0.00948  0.50   60322     572   60037  1486034  24.64
1880-1889       51     0.00948  0.00943  0.50   59750     563   59469  1425996  23.87
1880-1889       52     0.01124  0.01118  0.50   59186     662   58856  1366527  23.09
1880-1889       53     0.01167  0.01160  0.50   58525     679   58186  1307671  22.34
1880-1889       54     0.01249  0.01241  0.50   57846     718   57487  1249485  21.60
1880-1889       55     0.01242  0.01234  0.50   57128     705   56776  1191998  20.87
1880-1889       56     0.01385  0.01376  0.50   56423     776   56035  1135222  20.12
1880-1889       57     0.01474  0.01464  0.50   55646     814   55240  1079187  19.39
1880-1889       58     0.01636  0.01623  0.50   54832     890   54388  1023947  18.67
1880-1889       59     0.01763  0.01748  0.50   53942     943   53471   969560  17.97
1880-1889       60     0.01825  0.01808  0.50   52999     958   52520   916089  17.28
1880-1889       61     0.01872  0.01855  0.50   52041     965   51560   863569  16.59
1880-1889       62     0.02176  0.02152  0.50   51076    1099   50527   812009  15.90
1880-1889       63     0.02391  0.02362  0.50   49976    1181   49387   761482  15.24
1880-1889       64     0.02595  0.02562  0.50   48795    1250   48171   712095  14.59
1880-1889       65     0.02768  0.02731  0.50   47545    1298   46899   663923  13.96
1880-1889       66     0.02883  0.02842  0.50   46247    1315   45593   617025  13.34
1880-1889       67     0.03294  0.03241  0.50   44933    1456   44207   571432  12.72
1880-1889       68     0.03609  0.03546  0.50   43476    1541   42708   527225  12.13
1880-1889       69     0.04008  0.03929  0.50   41935    1648   41113   484517  11.55
1880-1889       70     0.04279  0.04190  0.50   40287    1688   39446   443404  11.01
1880-1889       71     0.04494  0.04396  0.50   38599    1697   37753   403958  10.47
1880-1889       72     0.05179  0.05048  0.50   36902    1863   35975   366205   9.92
1880-1889       73     0.05729  0.05570  0.50   35039    1952   34067   330230   9.42
1880-1889       74     0.06295  0.06104  0.50   33088    2020   32081   296163   8.95
1880-1889       75     0.06745  0.06526  0.50   31068    2028   30059   264082   8.50
1880-1889       76     0.07410  0.07147  0.50   29041    2075   28007   234023   8.06
1880-1889       77     0.07860  0.07564  0.50   26965    2040   25949   206016   7.64
1880-1889       78     0.08688  0.08328  0.50   24926    2076   23893   180066   7.22
1880-1889       79     0.09426  0.09003  0.50   22850    2057   21825   156174   6.83
1880-1889       80     0.10185  0.09694  0.50   20793    2016   19789   134348   6.46
1880-1889       81     0.10840  0.10285  0.50   18777    1931   17815   114559   6.10
1880-1889       82     0.12085  0.11399  0.50   16846    1920   15890    96744   5.74
1880-1889       83     0.13056  0.12258  0.50   14926    1830   14014    80855   5.42
1880-1889       84     0.14309  0.13358  0.50   13096    1749   12226    66841   5.10
1880-1889       85     0.15360  0.14266  0.50   11347    1619   10539    54615   4.81
1880-1889       86     0.16939  0.15619  0.50    9728    1519    8970    44076   4.53
1880-1889       87     0.18180  0.16667  0.50    8209    1368    7526    35106   4.28
1880-1889       88     0.19573  0.17829  0.50    6840    1220    6231    27581   4.03
1880-1889       89     0.21139  0.19122  0.50    5621    1075    5085    21350   3.80
1880-1889       90     0.22993  0.20614  0.50    4546     937    4076    16265   3.58
1880-1889       91     0.24597  0.21895  0.50    3609     790    3213    12189   3.38
1880-1889       92     0.26825  0.23640  0.50    2819     666    2484     8977   3.18
1880-1889       93     0.28794  0.25157  0.50    2152     541    1881     6493   3.02
1880-1889       94     0.30656  0.26565  0.50    1611     428    1396     4612   2.86
1880-1889       95     0.32682  0.28052  0.49    1183     332    1015     3216   2.72
1880-1889       96     0.34996  0.29737  0.49     851     253     723     2201   2.59
1880-1889       97     0.36406  0.30752  0.50     598     184     505     1478   2.47
1880-1889       98     0.38317  0.32112  0.50     414     133     347      972   2.35
1880-1889       99     0.39679  0.33072  0.50     281      93     234      625   2.22
1880-1889      100     0.44770  0.36416  0.49     188      69     153      391   2.08
1880-1889      101     0.46803  0.37757  0.49     120      45      97      238   1.99
1880-1889      102     0.48801  0.39054  0.49      74      29      60      142   1.90
1880-1889      103     0.50445  0.40120  0.49      45      18      36       82   1.81
1880-1889      104     0.55872  0.43495  0.49      27      12      21       46   1.69
1880-1889      105     0.58955  0.45315  0.49      15       7      12       25   1.61
1880-1889      106     0.61211  0.46670  0.49       8       4       6       13   1.53
1880-1889      107     0.60743  0.46385  0.49       4       2       3        6   1.45
1880-1889      108     0.76920  0.55130  0.49       2       1       2        3   1.27
1880-1889      109     0.90497  0.61729  0.49       1       1       1        1   1.24
1880-1889      110+    0.68672  1.00000  1.46       0       0       1        1   1.46
1890-1899        0     0.17041  0.15342  0.35  100000   15342   90028  5035771  50.36
1890-1899        1     0.05133  0.04997  0.47   84658    4231   82425  4945743  58.42
1890-1899        2     0.01965  0.01946  0.50   80427    1565   79638  4863319  60.47
1890-1899        3     0.01246  0.01238  0.49   78862     976   78369  4783680  60.66
1890-1899        4     0.00883  0.00879  0.50   77886     685   77541  4705311  60.41
1890-1899        5     0.00625  0.00623  0.50   77202     481   76960  4627770  59.94
1890-1899        6     0.00471  0.00469  0.50   76720     360   76540  4550810  59.32
1890-1899        7     0.00357  0.00356  0.50   76360     272   76224  4474270  58.59
1890-1899        8     0.00278  0.00278  0.50   76089     212   75983  4398046  57.80
1890-1899        9     0.00231  0.00231  0.50   75877     175   75789  4322063  56.96
1890-1899       10     0.00211  0.00210  0.50   75702     159   75623  4246274  56.09
1890-1899       11     0.00200  0.00200  0.50   75543     151   75467  4170651  55.21
1890-1899       12     0.00197  0.00197  0.50   75391     148   75317  4095184  54.32
1890-1899       13     0.00206  0.00206  0.50   75243     155   75166  4019866  53.43
1890-1899       14     0.00224  0.00224  0.50   75088     168   75005  3944700  52.53
1890-1899       15     0.00245  0.00245  0.51   74920     183   74829  3869696  51.65
1890-1899       16     0.00298  0.00297  0.52   74737     222   74629  3794866  50.78
1890-1899       17     0.00477  0.00476  0.52   74515     354   74344  3720237  49.93
1890-1899       18     0.00844  0.00840  0.52   74160     623   73864  3645894  49.16
1890-1899       19     0.01082  0.01076  0.52   73537     792   73154  3572030  48.57
1890-1899       20     0.01126  0.01120  0.51   72746     815   72349  3498876  48.10
1890-1899       21     0.01165  0.01159  0.51   71931     833   71525  3426527  47.64
1890-1899       22     0.01155  0.01149  0.51   71098     817   70700  3355002  47.19
1890-1899       23     0.01151  0.01144  0.51   70281     804   69889  3284302  46.73
1890-1899       24     0.01104  0.01098  0.51   69477     763   69103  3214413  46.27
1890-1899       25     0.01011  0.01006  0.51   68713     691   68372  3145310  45.77
1890-1899       26     0.00878  0.00874  0.50   68022     595   67725  3076939  45.23
1890-1899       27     0.00715  0.00712  0.49   67427     480   67185  3009214  44.63
1890-1899       28     0.00483  0.00482  0.47   66947     323   66776  2942029  43.95
1890-1899       29     0.00380  0.00380  0.49   66624     253   66496  2875253  43.16
1890-1899       30     0.00370  0.00369  0.50   66371     245   66248  2808757  42.32
1890-1899       31     0.00356  0.00355  0.50   66126     235   66008  2742509  41.47
1890-1899       32     0.00382  0.00381  0.50   65891     251   65765  2676500  40.62
1890-1899       33     0.00372  0.00371  0.50   65640     243   65518  2610735  39.77
1890-1899       34     0.00390  0.00389  0.50   65397     254   65269  2545217  38.92
1890-1899       35     0.00400  0.00399  0.50   65142     260   65013  2479948  38.07
1890-1899       36     0.00413  0.00412  0.50   64882     268   64749  2414935  37.22
1890-1899       37     0.00415  0.00414  0.50   64615     267   64481  2350187  36.37
1890-1899       38     0.00448  0.00447  0.50   64348     288   64203  2285705  35.52
1890-1899       39     0.00450  0.00449  0.50   64060     288   63915  2221502  34.68
1890-1899       40     0.00469  0.00468  0.50   63772     298   63624  2157587  33.83
1890-1899       41     0.00468  0.00467  0.50   63474     296   63326  2093963  32.99
1890-1899       42     0.00540  0.00538  0.50   63177     340   63008  2030637  32.14
1890-1899       43     0.00526  0.00525  0.50   62837     330   62673  1967629  31.31
1890-1899       44     0.00546  0.00544  0.50   62508     340   62338  1904957  30.48
1890-1899       45     0.00589  0.00587  0.50   62167     365   61985  1842619  29.64
1890-1899       46     0.00616  0.00614  0.50   61802     380   61613  1780634  28.81
1890-1899       47     0.00657  0.00655  0.50   61423     402   61222  1719021  27.99
1890-1899       48     0.00694  0.00692  0.50   61021     422   60810  1657799  27.17
1890-1899       49     0.00758  0.00755  0.50   60598     458   60370  1596990  26.35
1890-1899       50     0.00783  0.00779  0.50   60141     469   59906  1536620  25.55
1890-1899       51     0.00784  0.00781  0.50   59672     466   59439  1476714  24.75
1890-1899       52     0.00892  0.00888  0.50   59206     526   58943  1417275  23.94
1890-1899       53     0.00948  0.00943  0.50   58680     554   58403  1358332  23.15
1890-1899       54     0.01017  0.01012  0.50   58127     588   57832  1299929  22.36
1890-1899       55     0.01039  0.01034  0.50   57538     595   57241  1242097  21.59
1890-1899       56     0.01187  0.01180  0.50   56944     672   56608  1184855  20.81
1890-1899       57     0.01286  0.01278  0.50   56272     719   55913  1128247  20.05
1890-1899       58     0.01431  0.01421  0.50   55553     789   55158  1072335  19.30
1890-1899       59     0.01559  0.01547  0.50   54763     847   54340  1017177  18.57
1890-1899       60     0.01661  0.01648  0.50   53916     888   53473   962837  17.86
1890-1899       61     0.01764  0.01749  0.50   53028     927   52565   909364  17.15
1890-1899       62     0.02022  0.02001  0.50   52101    1043   51581   856799  16.45
1890-1899       63     0.02240  0.02215  0.50   51058    1131   50493   805219  15.77
1890-1899       64     0.02449  0.02419  0.50   49927    1208   49324   754725  15.12
1890-1899       65     0.02633  0.02599  0.50   48719    1266   48088   705402  14.48
1890-1899       66     0.02769  0.02731  0.50   47453    1296   46807   657314  13.85
1890-1899       67     0.03152  0.03103  0.50   46156    1432   45442   610507  13.23
1890-1899       68     0.03414  0.03356  0.50   44724    1501   43976   565065  12.63
1890-1899       69     0.03755  0.03686  0.50   43223    1593   42429   521089  12.06
1890-1899       70     0.04070  0.03990  0.50   41630    1661   40804   478660  11.50
1890-1899       71     0.04330  0.04239  0.50   39969    1694   39125   437856  10.95
1890-1899       72     0.04894  0.04778  0.50   38275    1829   37364   398731  10.42
1890-1899       73     0.05315  0.05178  0.50   36446    1887   35505   361367   9.92
1890-1899       74     0.05805  0.05641  0.50   34559    1950   33588   325862   9.43
1890-1899       75     0.06254  0.06065  0.50   32610    1978   31625   292275   8.96
1890-1899       76     0.06852  0.06626  0.50   30632    2030   29622   260649   8.51
1890-1899       77     0.07320  0.07063  0.50   28602    2020   27597   231028   8.08
1890-1899       78     0.07978  0.07673  0.50   26582    2040   25565   203431   7.65
1890-1899       79     0.08694  0.08333  0.50   24542    2045   23524   177865   7.25
1890-1899       80     0.09451  0.09026  0.50   22497    2031   21485   154341   6.86
1890-1899       81     0.10135  0.09648  0.50   20466    1975   19483   132856   6.49
1890-1899       82     0.11153  0.10565  0.50   18492    1954   17518   113373   6.13
1890-1899       83     0.12104  0.11414  0.50   16538    1888   15596    95856   5.80
1890-1899       84     0.13118  0.12312  0.50   14650    1804   13750    80259   5.48
1890-1899       85     0.14141  0.13207  0.50   12847    1697   11998    66510   5.18
1890-1899       86     0.15399  0.14296  0.50   11150    1594   10352    54512   4.89
1890-1899       87     0.16351  0.15114  0.50    9556    1444    8833    44160   4.62
1890-1899       88     0.17562  0.16143  0.50    8112    1309    7456    35327   4.36
1890-1899       89     0.19128  0.17458  0.50    6802    1188    6208    27870   4.10
1890-1899       90     0.20602  0.18668  0.50    5615    1048    5087    21662   3.86
1890-1899       91     0.22057  0.19857  0.50    4566     907    4111    16575   3.63
1890-1899       92     0.24034  0.21443  0.50    3660     785    3265    12464   3.41
1890-1899       93     0.26065  0.23051  0.50    2875     663    2543     9199   3.20
1890-1899       94     0.27947  0.24506  0.50    2212     542    1940     6656   3.01
1890-1899       95     0.30152  0.26165  0.49    1670     437    1449     4716   2.82
1890-1899       96     0.32998  0.28281  0.49    1233     349    1057     3267   2.65
1890-1899       97     0.35211  0.29895  0.49     884     264     751     2210   2.50
1890-1899       98     0.36775  0.31012  0.49     620     192     523     1459   2.35
1890-1899       99     0.40651  0.33717  0.49     428     144     355      937   2.19
1890-1899      100     0.43942  0.35862  0.49     284     102     231      582   2.05
1890-1899      101     0.47431  0.38151  0.49     182      69     146      350   1.93
1890-1899      102     0.50889  0.40376  0.49     112      45      89      204   1.82
1890-1899      103     0.53737  0.42129  0.49      67      28      53      115   1.72
1890-1899      104     0.58779  0.45127  0.49      39      18      30       62   1.61
1890-1899      105     0.61092  0.46524  0.49      21      10      16       33   1.53
1890-1899      106     0.66481  0.49537  0.49      11       6       8       16   1.44
1890-1899      107     0.64500  0.48301  0.48       6       3       4        8   1.38
1890-1899      108     0.66613  0.49511  0.48       3       1       2        4   1.22
1890-1899      109     1.01185  0.66702  0.49       1       1       1        1   0.95
1890-1899      110+    1.13124  1.00000  0.88       0       0       0        0   0.88
1900-1909        0     0.14238  0.13032  0.35  100000   13032   91529  5663530  56.64
1900-1909        1     0.03864  0.03787  0.47   86968    3294   85238  5572001  64.07
1900-1909        2     0.01490  0.01479  0.50   83674    1237   83050  5486763  65.57
1900-1909        3     0.00913  0.00909  0.50   82437     749   82059  5403713  65.55
1900-1909        4     0.00658  0.00656  0.50   81688     536   81417  5321654  65.15
1900-1909        5     0.00516  0.00515  0.50   81151     418   80943  5240237  64.57
1900-1909        6     0.00390  0.00389  0.50   80734     314   80576  5159294  63.90
1900-1909        7     0.00303  0.00302  0.50   80419     243   80298  5078718  63.15
1900-1909        8     0.00255  0.00254  0.50   80176     204   80075  4998420  62.34
1900-1909        9     0.00239  0.00239  0.50   79973     191   79876  4918345  61.50
1900-1909       10     0.00228  0.00228  0.50   79782     182   79691  4838469  60.65
1900-1909       11     0.00215  0.00214  0.50   79600     171   79515  4758778  59.78
1900-1909       12     0.00211  0.00211  0.50   79430     167   79346  4679263  58.91
1900-1909       13     0.00223  0.00223  0.50   79262     177   79174  4599917  58.03
1900-1909       14     0.00247  0.00247  0.50   79086     195   78988  4520743  57.16
1900-1909       15     0.00273  0.00273  0.50   78890     215   78782  4441756  56.30
1900-1909       16     0.00323  0.00323  0.50   78675     254   78549  4362973  55.46
1900-1909       17     0.00401  0.00400  0.49   78421     314   78262  4284425  54.63
1900-1909       18     0.00356  0.00355  0.48   78107     277   77962  4206163  53.85
1900-1909       19     0.00302  0.00302  0.50   77830     235   77713  4128201  53.04
1900-1909       20     0.00308  0.00307  0.50   77595     239   77476  4050488  52.20
1900-1909       21     0.00313  0.00312  0.50   77357     241   77236  3973012  51.36
1900-1909       22     0.00311  0.00311  0.50   77115     239   76995  3895776  50.52
1900-1909       23     0.00316  0.00315  0.50   76876     242   76755  3818781  49.67
1900-1909       24     0.00317  0.00317  0.50   76634     243   76512  3742027  48.83
1900-1909       25     0.00310  0.00309  0.50   76391     236   76272  3665515  47.98
1900-1909       26     0.00307  0.00307  0.50   76155     233   76037  3589243  47.13
1900-1909       27     0.00310  0.00310  0.50   75921     235   75803  3513206  46.27
1900-1909       28     0.00306  0.00306  0.50   75686     231   75569  3437403  45.42
1900-1909       29     0.00307  0.00307  0.50   75454     231   75338  3361834  44.55
1900-1909       30     0.00303  0.00302  0.50   75223     227   75109  3286496  43.69
1900-1909       31     0.00303  0.00303  0.50   74996     227   74882  3211387  42.82
1900-1909       32     0.00331  0.00330  0.50   74768     247   74645  3136505  41.95
1900-1909       33     0.00338  0.00338  0.50   74521     252   74396  3061860  41.09
1900-1909       34     0.00349  0.00348  0.50   74270     259   74140  2987464  40.22
1900-1909       35     0.00372  0.00372  0.50   74011     275   73874  2913324  39.36
1900-1909       36     0.00369  0.00369  0.50   73736     272   73599  2839449  38.51
1900-1909       37     0.00365  0.00364  0.50   73464     268   73330  2765850  37.65
1900-1909       38     0.00372  0.00371  0.50   73196     272   73060  2692520  36.78
1900-1909       39     0.00374  0.00373  0.50   72925     272   72788  2619460  35.92
1900-1909       40     0.00365  0.00364  0.49   72652     264   72519  2546672  35.05
1900-1909       41     0.00356  0.00355  0.50   72388     257   72258  2474153  34.18
1900-1909       42     0.00386  0.00385  0.50   72131     278   71991  2401895  33.30
1900-1909       43     0.00382  0.00381  0.50   71853     274   71715  2329904  32.43
1900-1909       44     0.00394  0.00393  0.50   71580     281   71438  2258189  31.55
1900-1909       45     0.00423  0.00422  0.50   71298     301   71147  2186751  30.67
1900-1909       46     0.00454  0.00453  0.50   70997     322   70836  2115604  29.80
1900-1909       47     0.00489  0.00488  0.50   70676     345   70502  2044768  28.93
1900-1909       48     0.00536  0.00535  0.50   70331     376   70142  1974266  28.07
1900-1909       49     0.00591  0.00589  0.50   69955     412   69748  1904124  27.22
1900-1909       50     0.00630  0.00628  0.50   69543     437   69324  1834376  26.38
1900-1909       51     0.00666  0.00663  0.50   69106     458   68876  1765052  25.54
1900-1909       52     0.00758  0.00755  0.50   68648     519   68388  1696176  24.71
1900-1909       53     0.00833  0.00829  0.50   68129     565   67846  1627789  23.89
1900-1909       54     0.00915  0.00911  0.50   67564     615   67256  1559943  23.09
1900-1909       55     0.00974  0.00969  0.50   66949     649   66623  1492688  22.30
1900-1909       56     0.01104  0.01098  0.50   66300     728   65935  1426064  21.51
1900-1909       57     0.01209  0.01202  0.50   65572     788   65176  1360129  20.74
1900-1909       58     0.01351  0.01342  0.50   64784     869   64348  1294953  19.99
1900-1909       59     0.01476  0.01465  0.50   63915     936   63446  1230605  19.25
1900-1909       60     0.01606  0.01593  0.50   62978    1003   62477  1167159  18.53
1900-1909       61     0.01729  0.01714  0.50   61975    1062   61443  1104683  17.82
1900-1909       62     0.01950  0.01931  0.50   60913    1176   60323  1043239  17.13
1900-1909       63     0.02113  0.02091  0.50   59736    1249   59110   982916  16.45
1900-1909       64     0.02330  0.02303  0.50   58487    1347   57813   923806  15.80
1900-1909       65     0.02524  0.02493  0.50   57140    1424   56428   865993  15.16
1900-1909       66     0.02709  0.02672  0.50   55716    1489   54972   809565  14.53
1900-1909       67     0.02997  0.02953  0.50   54227    1601   53426   754593  13.92
1900-1909       68     0.03239  0.03187  0.50   52626    1677   51787   701167  13.32
1900-1909       69     0.03537  0.03476  0.50   50948    1771   50062   649380  12.75
1900-1909       70     0.03801  0.03730  0.50   49178    1834   48260   599318  12.19
1900-1909       71     0.04087  0.04005  0.50   47343    1896   46396   551058  11.64
1900-1909       72     0.04490  0.04391  0.50   45447    1996   44449   504662  11.10
1900-1909       73     0.04868  0.04752  0.50   43451    2065   42419   460213  10.59
1900-1909       74     0.05280  0.05144  0.50   41386    2129   40321   417795  10.09
1900-1909       75     0.05673  0.05517  0.50   39257    2166   38176   377474   9.62
1900-1909       76     0.06149  0.05965  0.50   37092    2213   35986   339298   9.15
1900-1909       77     0.06584  0.06375  0.50   34879    2223   33768   303312   8.70
1900-1909       78     0.07093  0.06850  0.50   32656    2237   31538   269544   8.25
1900-1909       79     0.07683  0.07398  0.50   30419    2251   29294   238006   7.82
1900-1909       80     0.08373  0.08036  0.50   28168    2264   27036   208712   7.41
1900-1909       81     0.08995  0.08608  0.50   25904    2230   24790   181676   7.01
1900-1909       82     0.09742  0.09289  0.50   23675    2199   22575   156886   6.63
1900-1909       83     0.10545  0.10017  0.50   21476    2151   20400   134312   6.25
1900-1909       84     0.11448  0.10828  0.50   19324    2093   18278   113911   5.89
1900-1909       85     0.12387  0.11662  0.50   17232    2010   16224    95633   5.55
1900-1909       86     0.13469  0.12617  0.50   15222    1921   14259    79409   5.22
1900-1909       87     0.14624  0.13626  0.50   13302    1812   12393    65150   4.90
1900-1909       88     0.15864  0.14696  0.50   11489    1688   10643    52756   4.59
1900-1909       89     0.17361  0.15971  0.50    9801    1565    9016    42113   4.30
1900-1909       90     0.19062  0.17393  0.50    8235    1432    7514    33097   4.02
1900-1909       91     0.20653  0.18707  0.50    6803    1273    6162    25583   3.76
1900-1909       92     0.22759  0.20420  0.50    5530    1129    4962    19421   3.51
1900-1909       93     0.25049  0.22245  0.50    4401     979    3908    14459   3.29
1900-1909       94     0.27148  0.23885  0.50    3422     817    3011    10550   3.08
1900-1909       95     0.29518  0.25675  0.49    2605     669    2266     7540   2.89
1900-1909       96     0.31779  0.27368  0.49    1936     530    1667     5274   2.72
1900-1909       97     0.34136  0.29101  0.49    1406     409    1199     3607   2.57
1900-1909       98     0.36785  0.31012  0.49     997     309     840     2408   2.42
1900-1909       99     0.38641  0.32311  0.49     688     222     575     1568   2.28
1900-1909      100     0.41898  0.34473  0.49     466     160     383      992   2.13
1900-1909      101     0.45355  0.36797  0.49     305     112     247      609   2.00
1900-1909      102     0.49447  0.39423  0.49     193      76     154      362   1.88
1900-1909      103     0.52703  0.41453  0.49     117      48      92      208   1.78
1900-1909      104     0.53403  0.41907  0.49      68      29      54      116   1.70
1900-1909      105     0.62484  0.47353  0.49      40      19      30       63   1.58
1900-1909      106     0.59942  0.45841  0.49      21      10      16       33   1.56
1900-1909      107     0.58998  0.45355  0.49      11       5       9       17   1.46
1900-1909      108     0.62810  0.47799  0.50       6       3       5        8   1.27
1900-1909      109     0.96412  0.64397  0.48       3       2       2        3   0.98
1900-1909      110+    1.14503  1.00000  0.87       1       1       1        1   0.87
1910-1918        0     0.11109  0.10361  0.35  100000   10361   93266  6033700  60.34
1910-1918        1     0.03211  0.03158  0.47   89639    2830   88136  5940435  66.27
1910-1918        2     0.01379  0.01370  0.49   86809    1189   86201  5852299  67.42
1910-1918        3     0.00875  0.00871  0.49   85620     746   85240  5766098  67.35
1910-1918        4     0.00638  0.00635  0.49   84874     539   84598  5680858  66.93
1910-1918        5     0.00506  0.00504  0.49   84335     425   84117  5596260  66.36
1910-1918        6     0.00368  0.00368  0.49   83910     308   83753  5512143  65.69
1910-1918        7     0.00286  0.00286  0.49   83601     239   83480  5428390  64.93
1910-1918        8     0.00229  0.00228  0.48   83362     190   83264  5344911  64.12
1910-1918        9     0.00183  0.00183  0.49   83172     152   83095  5261646  63.26
1910-1918       10     0.00163  0.00163  0.50   83020     135   82952  5178551  62.38
1910-1918       11     0.00153  0.00153  0.50   82885     127   82822  5095599  61.48
1910-1918       12     0.00153  0.00153  0.50   82758     126   82695  5012777  60.57
1910-1918       13     0.00160  0.00160  0.50   82632     132   82566  4930082  59.66
1910-1918       14     0.00176  0.00176  0.50   82500     145   82427  4847517  58.76
1910-1918       15     0.00197  0.00197  0.50   82355     162   82274  4765089  57.86
1910-1918       16     0.00223  0.00223  0.50   82192     183   82101  4682816  56.97
1910-1918       17     0.00241  0.00241  0.50   82009     197   81911  4600715  56.10
1910-1918       18     0.00255  0.00254  0.50   81812     208   81708  4518804  55.23
1910-1918       19     0.00266  0.00265  0.50   81604     216   81496  4437096  54.37
1910-1918       20     0.00269  0.00269  0.50   81387     219   81277  4355601  53.52
1910-1918       21     0.00288  0.00288  0.50   81168     234   81052  4274324  52.66
1910-1918       22     0.00311  0.00310  0.50   80935     251   80809  4193272  51.81
1910-1918       23     0.00350  0.00349  0.51   80683     282   80544  4112462  50.97
1910-1918       24     0.00377  0.00376  0.51   80402     302   80253  4031918  50.15
1910-1918       25     0.00391  0.00391  0.51   80099     313   79945  3951665  49.33
1910-1918       26     0.00421  0.00420  0.51   79786     335   79622  3871720  48.53
1910-1918       27     0.00416  0.00415  0.50   79451     329   79285  3792098  47.73
1910-1918       28     0.00394  0.00394  0.50   79121     311   78965  3712813  46.93
1910-1918       29     0.00378  0.00378  0.50   78810     298   78660  3633848  46.11
1910-1918       30     0.00366  0.00366  0.49   78512     287   78367  3555188  45.28
1910-1918       31     0.00331  0.00330  0.49   78225     258   78094  3476822  44.45
1910-1918       32     0.00305  0.00304  0.49   77967     237   77846  3398728  43.59
1910-1918       33     0.00271  0.00271  0.49   77730     211   77622  3320882  42.72
1910-1918       34     0.00242  0.00242  0.49   77519     188   77423  3243260  41.84
1910-1918       35     0.00215  0.00215  0.48   77332     166   77246  3165837  40.94
1910-1918       36     0.00197  0.00197  0.49   77165     152   77089  3088591  40.03
1910-1918       37     0.00202  0.00201  0.49   77013     155   76935  3011503  39.10
1910-1918       38     0.00209  0.00209  0.49   76858     161   76777  2934568  38.18
1910-1918       39     0.00220  0.00220  0.49   76698     168   76613  2857791  37.26
1910-1918       40     0.00229  0.00229  0.50   76529     175   76441  2781178  36.34
1910-1918       41     0.00240  0.00240  0.50   76354     183   76262  2704737  35.42
1910-1918       42     0.00272  0.00272  0.50   76171     207   76067  2628476  34.51
1910-1918       43     0.00290  0.00290  0.50   75964     220   75853  2552409  33.60
1910-1918       44     0.00315  0.00315  0.50   75744     239   75624  2476556  32.70
1910-1918       45     0.00350  0.00350  0.50   75505     264   75373  2400932  31.80
1910-1918       46     0.00387  0.00386  0.50   75241     290   75095  2325560  30.91
1910-1918       47     0.00437  0.00436  0.50   74951     327   74787  2250465  30.03
1910-1918       48     0.00471  0.00470  0.50   74624     351   74448  2175678  29.16
1910-1918       49     0.00531  0.00530  0.50   74273     394   74076  2101230  28.29
1910-1918       50     0.00587  0.00585  0.50   73880     432   73663  2027154  27.44
1910-1918       51     0.00633  0.00631  0.50   73447     464   73215  1953491  26.60
1910-1918       52     0.00719  0.00717  0.50   72984     523   72721  1880277  25.76
1910-1918       53     0.00791  0.00788  0.50   72461     571   72174  1807556  24.95
1910-1918       54     0.00875  0.00871  0.50   71890     626   71575  1735381  24.14
1910-1918       55     0.00945  0.00940  0.50   71264     670   70927  1663806  23.35
1910-1918       56     0.01042  0.01037  0.50   70594     732   70226  1592879  22.56
1910-1918       57     0.01146  0.01140  0.50   69862     796   69462  1522653  21.80
1910-1918       58     0.01264  0.01256  0.50   69066     867   68629  1453191  21.04
1910-1918       59     0.01373  0.01364  0.50   68198     930   67730  1384561  20.30
1910-1918       60     0.01499  0.01487  0.50   67268    1001   66765  1316831  19.58
1910-1918       61     0.01628  0.01615  0.50   66268    1070   65730  1250066  18.86
1910-1918       62     0.01773  0.01758  0.50   65198    1146   64621  1184336  18.17
1910-1918       63     0.01915  0.01896  0.50   64052    1215   63441  1119714  17.48
1910-1918       64     0.02105  0.02083  0.50   62837    1309   62179  1056274  16.81
1910-1918       65     0.02260  0.02235  0.50   61528    1375   60837   994095  16.16
1910-1918       66     0.02440  0.02410  0.50   60153    1450   59424   933258  15.51
1910-1918       67     0.02668  0.02633  0.50   58703    1545   57926   873834  14.89
1910-1918       68     0.02873  0.02832  0.50   57158    1619   56343   815908  14.27
1910-1918       69     0.03086  0.03039  0.50   55539    1688   54690   759565  13.68
1910-1918       70     0.03365  0.03309  0.50   53851    1782   52956   704875  13.09
1910-1918       71     0.03601  0.03537  0.50   52070    1842   51144   651918  12.52
1910-1918       72     0.03932  0.03856  0.50   50228    1937   49254   600774  11.96
1910-1918       73     0.04242  0.04154  0.50   48291    2006   47282   551520  11.42
1910-1918       74     0.04591  0.04487  0.50   46285    2077   45241   504238  10.89
1910-1918       75     0.04926  0.04807  0.50   44208    2125   43140   458997  10.38
1910-1918       76     0.05318  0.05180  0.50   42083    2180   40988   415858   9.88
1910-1918       77     0.05736  0.05576  0.50   39903    2225   38786   374869   9.39
1910-1918       78     0.06206  0.06018  0.50   37678    2268   36540   336083   8.92
1910-1918       79     0.06739  0.06518  0.50   35411    2308   34251   299544   8.46
1910-1918       80     0.07294  0.07036  0.50   33103    2329   31932   265293   8.01
1910-1918       81     0.07854  0.07556  0.50   30774    2325   29604   233361   7.58
1910-1918       82     0.08596  0.08240  0.50   28448    2344   27271   203756   7.16
1910-1918       83     0.09331  0.08913  0.50   26104    2327   24934   176485   6.76
1910-1918       84     0.10140  0.09648  0.50   23778    2294   22626   151551   6.37
1910-1918       85     0.11097  0.10509  0.50   21483    2258   20345   128926   6.00
1910-1918       86     0.12011  0.11325  0.50   19226    2177   18128   108581   5.65
1910-1918       87     0.13035  0.12231  0.50   17048    2085   15997    90453   5.31
1910-1918       88     0.14171  0.13226  0.50   14963    1979   13966    74456   4.98
1910-1918       89     0.15463  0.14345  0.50   12984    1863   12046    60490   4.66
1910-1918       90     0.16725  0.15419  0.49   11121    1715   10253    48445   4.36
1910-1918       91     0.18413  0.16843  0.49    9407    1584    8604    38191   4.06
1910-1918       92     0.20297  0.18407  0.49    7822    1440    7094    29587   3.78
1910-1918       93     0.22255  0.20002  0.49    6382    1277    5736    22493   3.52
1910-1918       94     0.24247  0.21602  0.49    5106    1103    4549    16757   3.28
1910-1918       95     0.26951  0.23708  0.49    4003     949    3521    12208   3.05
1910-1918       96     0.29469  0.25636  0.49    3054     783    2657     8687   2.84
1910-1918       97     0.31871  0.27431  0.49    2271     623    1955     6030   2.66
1910-1918       98     0.35151  0.29827  0.49    1648     492    1398     4075   2.47
1910-1918       99     0.37771  0.31699  0.49    1156     367     971     2677   2.31
1910-1918      100     0.40885  0.33787  0.49     790     267     653     1706   2.16
1910-1918      101     0.44715  0.36377  0.49     523     190     425     1054   2.01
1910-1918      102     0.48815  0.39042  0.49     333     130     266      628   1.89
1910-1918      103     0.52330  0.41227  0.49     203      84     160      362   1.79
1910-1918      104     0.53403  0.41907  0.49     119      50      94      202   1.70
1910-1918      105     0.62840  0.47599  0.49      69      33      52      109   1.57
1910-1918      106     0.60532  0.46192  0.49      36      17      28       56   1.55
1910-1918      107     0.58501  0.44974  0.49      20       9      15       29   1.47
1910-1918      108     0.63431  0.48044  0.50      11       5       8       14   1.27
1910-1918      109     0.96412  0.64397  0.48       6       4       4        5   0.98
1910-1918      110+    1.14503  1.00000  0.87       2       2       2        2   0.87
