England and Wales, Total Population, Life tables (period 5x5), Total     Last modified: 03-Nov-2010, MPv5 (May07)

  Year          Age         mx       qx    ax      lx      dx      Lx       Tx     ex
1841-1844        0      0.16027  0.14491  0.34  100000   14491   90418  4164922  41.65
1841-1844      1-4      0.03588  0.13144  1.44   85509   11239  313254  4074504  47.65
1841-1844      5-9      0.00907  0.04418  2.03   74270    3281  361589  3761250  50.64
1841-1844     10-14     0.00504  0.02491  2.52   70989    1768  350564  3399661  47.89
1841-1844     15-19     0.00721  0.03544  2.64   69220    2453  340325  3049097  44.05
1841-1844     20-24     0.00900  0.04403  2.51   66767    2940  326523  2708773  40.57
1841-1844     25-29     0.00952  0.04648  2.50   63828    2967  311735  2382250  37.32
1841-1844     30-34     0.00983  0.04797  2.50   60861    2919  297009  2070514  34.02
1841-1844     35-39     0.01185  0.05758  2.57   57942    3336  281609  1773505  30.61
1841-1844     40-44     0.01260  0.06106  2.47   54606    3334  264590  1491896  27.32
1841-1844     45-49     0.01530  0.07380  2.59   51271    3784  247251  1227306  23.94
1841-1844     50-54     0.01743  0.08348  2.49   47487    3964  227498   980054  20.64
1841-1844     55-59     0.02581  0.12172  2.67   43523    5297  205283   752557  17.29
1841-1844     60-64     0.03229  0.14929  2.48   38225    5707  176743   547273  14.32
1841-1844     65-69     0.05166  0.23031  2.65   32519    7489  144980   370530  11.39
1841-1844     70-74     0.07339  0.30903  2.45   25030    7735  105398   225551   9.01
1841-1844     75-79     0.11388  0.44274  2.49   17295    7657   67240   120152   6.95
1841-1844     80-84     0.15110  0.54081  2.37    9638    5212   34495    52912   5.49
1841-1844     85-89     0.21476  0.67122  2.21    4425    2970   13832    18417   4.16
1841-1844     90-94     0.29911  0.79131  2.02    1455    1151    3849     4586   3.15
1841-1844     95-99     0.40131  0.88060  1.81     304     267     666      736   2.43
1841-1844    100-104    0.51102  0.93489  1.61      36      34      66       70   1.93
1841-1844    105-109    0.62048  0.96460  1.43       2       2       4        4   1.60
1841-1844    110+       0.70579  1.00000  1.42       0       0       0        0   1.42
1845-1849        0      0.17186  0.15433  0.34  100000   15433   89796  3947666  39.48
1845-1849      1-4      0.03892  0.14154  1.43   84567   11970  307516  3857870  45.62
1845-1849      5-9      0.00959  0.04661  2.02   72597    3384  352888  3550354  48.90
1845-1849     10-14     0.00558  0.02752  2.54   69213    1905  341377  3197466  46.20
1845-1849     15-19     0.00768  0.03773  2.63   67308    2539  330533  2856089  42.43
1845-1849     20-24     0.01030  0.05022  2.54   64769    3252  315843  2525556  38.99
1845-1849     25-29     0.01056  0.05144  2.48   61517    3164  299612  2209713  35.92
1845-1849     30-34     0.01136  0.05526  2.52   58352    3224  283767  1910100  32.73
1845-1849     35-39     0.01258  0.06099  2.52   55128    3362  267318  1626333  29.50
1845-1849     40-44     0.01493  0.07197  2.53   51766    3726  249615  1359015  26.25
1845-1849     45-49     0.01600  0.07693  2.51   48040    3696  231007  1109401  23.09
1845-1849     50-54     0.02087  0.09934  2.58   44344    4405  211048   878393  19.81
1845-1849     55-59     0.02526  0.11890  2.54   39939    4749  188017   667345  16.71
1845-1849     60-64     0.03878  0.17744  2.60   35191    6244  160992   479328  13.62
1845-1849     65-69     0.05179  0.22943  2.51   28946    6641  128225   318336  11.00
1845-1849     70-74     0.08189  0.34053  2.53   22305    7596   92753   190111   8.52
1845-1849     75-79     0.11882  0.45438  2.41   14710    6684   56251    97358   6.62
1845-1849     80-84     0.16486  0.57381  2.35    8026    4605   27934    41107   5.12
1845-1849     85-89     0.23529  0.70599  2.17    3421    2415   10263    13173   3.85
1845-1849     90-94     0.32942  0.82396  1.97    1006     829    2516     2909   2.89
1845-1849     95-99     0.44047  0.90418  1.74     177     160     363      394   2.22
1845-1849    100-104    0.55546  0.94938  1.53      17      16      29       30   1.79
1845-1849    105-109    0.66549  0.97260  1.36       1       1       1        1   1.50
1845-1849    110+       0.74855  1.00000  1.34       0       0       0        0   1.34
1850-1854        0      0.16958  0.15249  0.34  100000   15249   89918  4097457  40.97
1850-1854      1-4      0.03630  0.13271  1.41   84751   11248  309850  4007539  47.29
1850-1854      5-9      0.00887  0.04323  2.03   73504    3177  358079  3697689  50.31
1850-1854     10-14     0.00518  0.02558  2.54   70326    1799  347210  3339610  47.49
1850-1854     15-19     0.00730  0.03589  2.63   68528    2459  336808  2992400  43.67
1850-1854     20-24     0.00914  0.04467  2.53   66068    2952  323040  2655592  40.19
1850-1854     25-29     0.00968  0.04726  2.50   63117    2983  308119  2332552  36.96
1850-1854     30-34     0.01034  0.05041  2.52   60134    3031  293153  2024434  33.67
1850-1854     35-39     0.01186  0.05762  2.54   57102    3290  277401  1731280  30.32
1850-1854     40-44     0.01336  0.06468  2.52   53812    3480  260436  1453879  27.02
1850-1854     45-49     0.01576  0.07586  2.54   50332    3818  242270  1193443  23.71
1850-1854     50-54     0.01856  0.08878  2.54   46513    4129  222428   951173  20.45
1850-1854     55-59     0.02532  0.11930  2.59   42384    5057  199728   728745  17.19
1850-1854     60-64     0.03343  0.15451  2.56   37328    5768  172549   529016  14.17
1850-1854     65-69     0.05131  0.22822  2.58   31560    7203  140374   356467  11.29
1850-1854     70-74     0.07434  0.31343  2.50   24357    7634  102692   216093   8.87
1850-1854     75-79     0.11495  0.44483  2.46   16723    7439   64716   113401   6.78
1850-1854     80-84     0.16191  0.56720  2.36    9284    5266   32523    48685   5.24
1850-1854     85-89     0.22445  0.68748  2.18    4018    2762   12308    16162   4.02
1850-1854     90-94     0.30855  0.80145  2.00    1256    1006    3262     3855   3.07
1850-1854     95-99     0.41025  0.88595  1.79     249     221     538      593   2.38
1850-1854    100-104    0.51658  0.93659  1.60      28      27      52       54   1.91
1850-1854    105-109    0.62202  0.96473  1.42       2       2       3        3   1.60
1850-1854    110+       0.70413  1.00000  1.42       0       0       0        0   1.42
1855-1859        0      0.16828  0.15143  0.34  100000   15143   89988  4137913  41.38
1855-1859      1-4      0.03673  0.13425  1.43   84857   11392  310153  4047925  47.70
1855-1859      5-9      0.00877  0.04271  2.00   73465    3138  357894  3737772  50.88
1855-1859     10-14     0.00492  0.02430  2.54   70327    1709  347428  3379878  48.06
1855-1859     15-19     0.00677  0.03331  2.63   68618    2286  337672  3032450  44.19
1855-1859     20-24     0.00887  0.04342  2.54   66332    2880  324574  2694777  40.63
1855-1859     25-29     0.00917  0.04483  2.49   63452    2845  310109  2370203  37.35
1855-1859     30-34     0.00985  0.04808  2.53   60607    2914  295826  2060094  33.99
1855-1859     35-39     0.01115  0.05426  2.53   57693    3130  280743  1764268  30.58
1855-1859     40-44     0.01312  0.06355  2.53   54563    3468  264262  1483525  27.19
1855-1859     45-49     0.01470  0.07094  2.53   51095    3625  246516  1219263  23.86
1855-1859     50-54     0.01869  0.08939  2.57   47471    4243  227051   972747  20.49
1855-1859     55-59     0.02340  0.11067  2.56   43227    4784  204443   745695  17.25
1855-1859     60-64     0.03503  0.16159  2.61   38443    6212  177351   541252  14.08
1855-1859     65-69     0.04954  0.22074  2.54   32231    7115  143620   363901  11.29
1855-1859     70-74     0.07646  0.32159  2.53   25117    8077  105641   220281   8.77
1855-1859     75-79     0.11469  0.44296  2.43   17039    7548   65811   114640   6.73
1855-1859     80-84     0.16535  0.57513  2.35    9492    5459   33014    48829   5.14
1855-1859     85-89     0.23141  0.69910  2.17    4033    2819   12183    15815   3.92
1855-1859     90-94     0.31745  0.81062  1.98    1213     984    3099     3632   2.99
1855-1859     95-99     0.42122  0.89270  1.77     230     205     487      533   2.32
1855-1859    100-104    0.52844  0.94064  1.58      25      23      44       46   1.87
1855-1859    105-109    0.63323  0.96685  1.41       1       1       2        2   1.57
1855-1859    110+       0.71403  1.00000  1.40       0       0       0        0   1.40
1860-1864        0      0.16195  0.14629  0.34  100000   14629   90327  4161041  41.61
1860-1864      1-4      0.03717  0.13560  1.40   85371   11576  311421  4070714  47.68
1860-1864      5-9      0.00832  0.04059  1.97   73795    2996  359892  3759292  50.94
1860-1864     10-14     0.00464  0.02293  2.56   70800    1623  350044  3399400  48.01
1860-1864     15-19     0.00663  0.03261  2.63   69177    2256  340533  3049356  44.08
1860-1864     20-24     0.00834  0.04088  2.54   66920    2736  327869  2708823  40.48
1860-1864     25-29     0.00912  0.04457  2.51   64184    2861  313803  2380953  37.10
1860-1864     30-34     0.01004  0.04899  2.53   61324    3005  299206  2067151  33.71
1860-1864     35-39     0.01176  0.05716  2.53   58319    3333  283378  1767945  30.31
1860-1864     40-44     0.01306  0.06324  2.51   54986    3478  266276  1484567  27.00
1860-1864     45-49     0.01520  0.07325  2.55   51508    3773  248295  1218291  23.65
1860-1864     50-54     0.01863  0.08911  2.56   47735    4254  228313   969996  20.32
1860-1864     55-59     0.02589  0.12182  2.59   43482    5297  204621   741683  17.06
1860-1864     60-64     0.03441  0.15868  2.56   38185    6059  176115   537062  14.06
1860-1864     65-69     0.05214  0.23145  2.58   32125    7436  142599   360947  11.24
1860-1864     70-74     0.07504  0.31577  2.49   24690    7796  103902   218347   8.84
1860-1864     75-79     0.11455  0.44363  2.46   16894    7494   65423   114445   6.77
1860-1864     80-84     0.16310  0.57020  2.36    9399    5359   32859    49022   5.22
1860-1864     85-89     0.22585  0.68987  2.18    4040    2787   12340    16163   4.00
1860-1864     90-94     0.31053  0.80351  2.00    1253    1007    3242     3824   3.05
1860-1864     95-99     0.41292  0.88764  1.79     246     219     529      582   2.36
1860-1864    100-104    0.51972  0.93771  1.59      28      26      50       53   1.90
1860-1864    105-109    0.62540  0.96540  1.42       2       2       3        3   1.59
1860-1864    110+       0.70757  1.00000  1.41       0       0       0        0   1.41
1865-1869        0      0.17251  0.15485  0.34  100000   15485   89763  4146801  41.47
1865-1869      1-4      0.03458  0.12673  1.36   84515   10711  309772  4057038  48.00
1865-1869      5-9      0.00753  0.03683  2.03   73804    2718  360946  3747267  50.77
1865-1869     10-14     0.00434  0.02145  2.54   71086    1525  351682  3386321  47.64
1865-1869     15-19     0.00627  0.03089  2.65   69561    2149  342758  3034639  43.63
1865-1869     20-24     0.00847  0.04149  2.55   67412    2797  330210  2691881  39.93
1865-1869     25-29     0.00935  0.04571  2.52   64615    2954  315755  2361671  36.55
1865-1869     30-34     0.01073  0.05225  2.54   61661    3222  300370  2045917  33.18
1865-1869     35-39     0.01217  0.05906  2.53   58439    3451  283658  1745546  29.87
1865-1869     40-44     0.01409  0.06808  2.53   54988    3744  265685  1461888  26.59
1865-1869     45-49     0.01579  0.07596  2.53   51244    3893  246592  1196203  23.34
1865-1869     50-54     0.02019  0.09624  2.57   47352    4557  225698   949611  20.05
1865-1869     55-59     0.02561  0.12049  2.55   42794    5156  201346   723913  16.92
1865-1869     60-64     0.03673  0.16866  2.58   37638    6348  172848   522567  13.88
1865-1869     65-69     0.05091  0.22613  2.53   31290    7076  138971   349719  11.18
1865-1869     70-74     0.07788  0.32645  2.52   24214    7905  101501   210748   8.70
1865-1869     75-79     0.11550  0.44515  2.43   16310    7260   62859   109246   6.70
1865-1869     80-84     0.16768  0.58037  2.35    9049    5252   31322    46388   5.13
1865-1869     85-89     0.22914  0.69470  2.17    3797    2638   11513    15066   3.97
1865-1869     90-94     0.30951  0.80163  1.99    1159     929    3003     3553   3.06
1865-1869     95-99     0.40779  0.88389  1.80     230     203     498      550   2.39
1865-1869    100-104    0.50900  0.93348  1.61      27      25      49       52   1.94
1865-1869    105-109    0.60962  0.96194  1.44       2       2       3        3   1.63
1865-1869    110+       0.68839  1.00000  1.45       0       0       0        0   1.45
1870-1874        0      0.16715  0.15052  0.34  100000   15052   90049  4223832  42.24
1870-1874      1-4      0.03203  0.11820  1.38   84948   10041  313493  4133783  48.66
1870-1874      5-9      0.00739  0.03614  2.01   74907    2707  366434  3820291  51.00
1870-1874     10-14     0.00408  0.02021  2.55   72200    1459  357420  3453857  47.84
1870-1874     15-19     0.00595  0.02932  2.65   70741    2074  348828  3096436  43.77
1870-1874     20-24     0.00793  0.03889  2.57   68667    2670  336842  2747609  40.01
1870-1874     25-29     0.00917  0.04484  2.52   65997    2959  322658  2410767  36.53
1870-1874     30-34     0.01035  0.05046  2.54   63037    3181  307371  2088109  33.12
1870-1874     35-39     0.01229  0.05965  2.54   59856    3571  290498  1780739  29.75
1870-1874     40-44     0.01399  0.06759  2.52   56286    3804  271994  1490240  26.48
1870-1874     45-49     0.01644  0.07901  2.54   52481    4146  252207  1218247  23.21
1870-1874     50-54     0.01957  0.09336  2.54   48335    4513  230594   966039  19.99
1870-1874     55-59     0.02650  0.12455  2.59   43822    5458  205947   735445  16.78
1870-1874     60-64     0.03622  0.16639  2.56   38364    6384  176263   529498  13.80
1870-1874     65-69     0.05436  0.23994  2.56   31981    7673  141150   353235  11.05
1870-1874     70-74     0.07725  0.32340  2.48   24307    7861  101763   212085   8.73
1870-1874     75-79     0.11576  0.44685  2.45   16446    7349   63486   110321   6.71
1870-1874     80-84     0.16732  0.57928  2.35    9097    5270   31495    46835   5.15
1870-1874     85-89     0.22700  0.69083  2.17    3827    2644   11648    15341   4.01
1870-1874     90-94     0.30369  0.79464  2.00    1183     940    3096     3692   3.12
1870-1874     95-99     0.39722  0.87656  1.81     243     213     536      596   2.45
1870-1874    100-104    0.49403  0.92742  1.63      30      28      56       60   2.00
1870-1874    105-109    0.59121  0.95761  1.47       2       2       4        4   1.68
1870-1874    110+       0.66794  1.00000  1.50       0       0       0        0   1.50
1875-1879        0      0.15935  0.14416  0.34  100000   14416   90468  4349740  43.50
1875-1879      1-4      0.02998  0.11103  1.33   85584    9502  316996  4259272  49.77
1875-1879      5-9      0.00623  0.03058  2.02   76082    2327  373464  3942276  51.82
1875-1879     10-14     0.00359  0.01781  2.54   73755    1314  365548  3568812  48.39
1875-1879     15-19     0.00508  0.02508  2.65   72442    1817  357940  3203264  44.22
1875-1879     20-24     0.00688  0.03385  2.57   70625    2391  347307  2845324  40.29
1875-1879     25-29     0.00807  0.03958  2.55   68234    2701  334557  2498018  36.61
1875-1879     30-34     0.00966  0.04720  2.55   65533    3093  320092  2163461  33.01
1875-1879     35-39     0.01162  0.05649  2.56   62440    3527  303579  1843369  29.52
1875-1879     40-44     0.01426  0.06888  2.54   58912    4058  284585  1539790  26.14
1875-1879     45-49     0.01619  0.07783  2.53   54855    4269  263715  1255205  22.88
1875-1879     50-54     0.02068  0.09845  2.57   50585    4980  240847   991490  19.60
1875-1879     55-59     0.02647  0.12431  2.55   45605    5669  214148   750643  16.46
1875-1879     60-64     0.03862  0.17667  2.59   39936    7056  182670   536496  13.43
1875-1879     65-69     0.05505  0.24229  2.53   32881    7967  144711   353826  10.76
1875-1879     70-74     0.08163  0.33894  2.50   24914    8444  103449   209115   8.39
1875-1879     75-79     0.11963  0.45702  2.42   16470    7527   62919   105665   6.42
1875-1879     80-84     0.18148  0.61114  2.33    8943    5465   30116    42746   4.78
1875-1879     85-89     0.25299  0.73239  2.13    3477    2547   10067    12630   3.63
1875-1879     90-94     0.34812  0.84073  1.93     931     782    2247     2563   2.75
1875-1879     95-99     0.46088  0.91421  1.70     148     135     294      316   2.13
1875-1879    100-104    0.57348  0.95408  1.50      13      12      21       22   1.73
1875-1879    105-109    0.67963  0.97461  1.34       1       1       1        1   1.47
1875-1879    110+       0.75918  1.00000  1.32       0       0       0        0   1.32
1880-1884        0      0.15258  0.13860  0.34  100000   13860   90837  4494576  44.95
1880-1884      1-4      0.02831  0.10529  1.33   86140    9069  320374  4403739  51.12
1880-1884      5-9      0.00601  0.02952  1.99   77071    2275  378511  4083365  52.98
1880-1884     10-14     0.00326  0.01618  2.55   74796    1210  371018  3704854  49.53
1880-1884     15-19     0.00473  0.02338  2.63   73585    1720  363853  3333836  45.31
1880-1884     20-24     0.00603  0.02972  2.57   71865    2136  354137  2969984  41.33
1880-1884     25-29     0.00724  0.03557  2.55   69729    2480  342579  2615847  37.51
1880-1884     30-34     0.00889  0.04351  2.58   67249    2926  329169  2273268  33.80
1880-1884     35-39     0.01111  0.05408  2.55   64323    3479  313081  1944099  30.22
1880-1884     40-44     0.01283  0.06221  2.54   60844    3785  294902  1631018  26.81
1880-1884     45-49     0.01557  0.07502  2.56   57059    4281  274838  1336116  23.42
1880-1884     50-54     0.01939  0.09257  2.56   52779    4886  251990  1061278  20.11
1880-1884     55-59     0.02675  0.12563  2.58   47893    6017  224903   809288  16.90
1880-1884     60-64     0.03538  0.16276  2.55   41877    6816  192664   584385  13.95
1880-1884     65-69     0.05223  0.23173  2.57   35061    8124  155559   391721  11.17
1880-1884     70-74     0.07625  0.32012  2.50   26936    8623  113090   236162   8.77
1880-1884     75-79     0.11353  0.44002  2.44   18313    8058   70976   123072   6.72
1880-1884     80-84     0.17105  0.58840  2.35   10255    6034   35277    52095   5.08
1880-1884     85-89     0.22881  0.69369  2.16    4221    2928   12797    16819   3.98
1880-1884     90-94     0.30463  0.79546  2.00    1293    1028    3376     4022   3.11
1880-1884     95-99     0.39948  0.87802  1.81     264     232     581      646   2.44
1880-1884    100-104    0.49605  0.92822  1.63      32      30      60       64   1.99
1880-1884    105-109    0.59318  0.95809  1.47       2       2       4        4   1.68
1880-1884    110+       0.67000  1.00000  1.49       0       0       0        0   1.49
1885-1889        0      0.15484  0.14046  0.34  100000   14046   90713  4598300  45.98
1885-1889      1-4      0.02586  0.09662  1.27   85954    8305  321174  4507587  52.44
1885-1889      5-9      0.00484  0.02385  2.04   77649    1852  382762  4186413  53.91
1885-1889     10-14     0.00287  0.01424  2.56   75797    1079  376348  3803651  50.18
1885-1889     15-19     0.00419  0.02077  2.65   74718    1552  369945  3427303  45.87
1885-1889     20-24     0.00548  0.02704  2.55   73166    1978  360993  3057358  41.79
1885-1889     25-29     0.00649  0.03197  2.57   71188    2276  350414  2696365  37.88
1885-1889     30-34     0.00801  0.03931  2.57   68912    2709  337971  2345951  34.04
1885-1889     35-39     0.01007  0.04915  2.58   66203    3254  323133  2007980  30.33
1885-1889     40-44     0.01244  0.06037  2.54   62950    3800  305408  1684847  26.77
1885-1889     45-49     0.01473  0.07107  2.56   59150    4204  285483  1379438  23.32
1885-1889     50-54     0.01976  0.09429  2.59   54946    5181  262224  1093955  19.91
1885-1889     55-59     0.02573  0.12106  2.56   49765    6025  234117   831731  16.71
1885-1889     60-64     0.03724  0.17086  2.59   43740    7474  200687   597614  13.66
1885-1889     65-69     0.05324  0.23526  2.53   36267    8532  160256   396927  10.94
1885-1889     70-74     0.07980  0.33280  2.51   27735    9230  115664   236670   8.53
1885-1889     75-79     0.11702  0.44949  2.42   18504    8318   71077   121006   6.54
1885-1889     80-84     0.17617  0.59998  2.34   10187    6112   34693    49930   4.90
1885-1889     85-89     0.24495  0.72017  2.14    4075    2935   11981    15237   3.74
1885-1889     90-94     0.33437  0.82743  1.95    1140     944    2822     3256   2.86
1885-1889     95-99     0.44414  0.90564  1.73     197     178     401      434   2.21
1885-1889    100-104    0.55412  0.94869  1.53      19      18      32       33   1.79
1885-1889    105-109    0.65963  0.97151  1.37       1       1       1        1   1.51
1885-1889    110+       0.73986  1.00000  1.35       0       0       0        0   1.35
1890-1894        0      0.16100  0.14551  0.34  100000   14551   90379  4552563  45.53
1890-1894      1-4      0.02551  0.09542  1.28   85449    8154  319655  4462184  52.22
1890-1894      5-9      0.00482  0.02376  2.00   77295    1837  380970  4142529  53.59
1890-1894     10-14     0.00270  0.01343  2.57   75458    1013  374834  3761559  49.85
1890-1894     15-19     0.00407  0.02014  2.64   74445    1499  368685  3386725  45.49
1890-1894     20-24     0.00514  0.02538  2.58   72946    1851  360243  3018040  41.37
1890-1894     25-29     0.00634  0.03121  2.56   71095    2219  350065  2657797  37.38
1890-1894     30-34     0.00791  0.03881  2.60   68876    2673  337956  2307733  33.51
1890-1894     35-39     0.01028  0.05015  2.57   66203    3320  322948  1969776  29.75
1890-1894     40-44     0.01284  0.06225  2.57   62883    3914  304902  1646828  26.19
1890-1894     45-49     0.01613  0.07758  2.55   58969    4575  283642  1341926  22.76
1890-1894     50-54     0.02006  0.09562  2.57   54394    5201  259342  1058284  19.46
1890-1894     55-59     0.02810  0.13156  2.59   49193    6472  230349   798942  16.24
1890-1894     60-64     0.03905  0.17828  2.56   42721    7616  195015   568593  13.31
1890-1894     65-69     0.05832  0.25506  2.54   35105    8954  153532   373578  10.64
1890-1894     70-74     0.08188  0.33897  2.46   26151    8864  108256   220046   8.41
1890-1894     75-79     0.11806  0.45326  2.44   17286    7835   66366   111790   6.47
1890-1894     80-84     0.18003  0.60864  2.34    9451    5752   31952    45424   4.81
1890-1894     85-89     0.25159  0.73069  2.13    3699    2703   10742    13472   3.64
1890-1894     90-94     0.35002  0.84321  1.93     996     840    2400     2729   2.74
1890-1894     95-99     0.46586  0.91677  1.69     156     143     307      330   2.11
1890-1894    100-104    0.58097  0.95609  1.49      13      12      21       22   1.71
1890-1894    105-109    0.68862  0.97593  1.33       1       1       1        1   1.45
1890-1894    110+       0.76864  1.00000  1.30       0       0       0        0   1.30
1895-1899        0      0.17332  0.15550  0.34  100000   15550   89719  4668146  46.68
1895-1899      1-4      0.02360  0.08866  1.25   84450    7487  317234  4578427  54.21
1895-1899      5-9      0.00417  0.02059  2.01   76962    1585  380078  4261193  55.37
1895-1899     10-14     0.00238  0.01182  2.56   75377     891  374713  3881115  51.49
1895-1899     15-19     0.00345  0.01711  2.64   74486    1275  369431  3506402  47.07
1895-1899     20-24     0.00453  0.02238  2.57   73212    1639  362069  3136972  42.85
1895-1899     25-29     0.00543  0.02680  2.58   71573    1918  353226  2774902  38.77
1895-1899     30-34     0.00687  0.03379  2.58   69655    2354  342566  2421676  34.77
1895-1899     35-39     0.00890  0.04357  2.60   67301    2932  329466  2079110  30.89
1895-1899     40-44     0.01145  0.05571  2.56   64369    3586  313101  1749644  27.18
1895-1899     45-49     0.01422  0.06873  2.57   60782    4177  293777  1436543  23.63
1895-1899     50-54     0.01890  0.09035  2.57   56605    5114  270616  1142766  20.19
1895-1899     55-59     0.02484  0.11716  2.58   51491    6032  242844   872150  16.94
1895-1899     60-64     0.03680  0.16905  2.59   45458    7685  208803   629306  13.84
1895-1899     65-69     0.05290  0.23392  2.53   37773    8836  167034   420503  11.13
1895-1899     70-74     0.07660  0.32149  2.50   28937    9303  121443   253470   8.76
1895-1899     75-79     0.11031  0.42960  2.43   19634    8435   76465   132027   6.72
1895-1899     80-84     0.17447  0.59721  2.36   11199    6688   38337    55562   4.96
1895-1899     85-89     0.23859  0.71050  2.15    4511    3205   13433    17225   3.82
1895-1899     90-94     0.32814  0.82181  1.96    1306    1073    3271     3791   2.90
1895-1899     95-99     0.43774  0.90222  1.74     233     210     480      521   2.24
1895-1899    100-104    0.54750  0.94677  1.55      23      22      39       41   1.81
1895-1899    105-109    0.65362  0.97054  1.38       1       1       2        2   1.52
1895-1899    110+       0.73475  1.00000  1.36       0       0       0        0   1.36
1900-1904        0      0.15526  0.14080  0.34  100000   14080   90691  4856912  48.57
1900-1904      1-4      0.02060  0.07805  1.28   85920    6706  325455  4766222  55.47
1900-1904      5-9      0.00394  0.01947  2.01   79214    1542  391456  4440767  56.06
1900-1904     10-14     0.00226  0.01122  2.56   77672     871  386235  4049311  52.13
1900-1904     15-19     0.00322  0.01597  2.64   76800    1227  381103  3663076  47.70
1900-1904     20-24     0.00415  0.02053  2.57   75574    1552  374106  3281973  43.43
1900-1904     25-29     0.00502  0.02478  2.56   74022    1834  365637  2907867  39.28
1900-1904     30-34     0.00634  0.03121  2.61   72188    2253  355545  2542230  35.22
1900-1904     35-39     0.00838  0.04106  2.57   69935    2872  342695  2186685  31.27
1900-1904     40-44     0.01056  0.05149  2.59   67063    3453  326994  1843990  27.50
1900-1904     45-49     0.01379  0.06673  2.57   63610    4245  307722  1516996  23.85
1900-1904     50-54     0.01811  0.08679  2.60   59365    5152  284460  1209274  20.37
1900-1904     55-59     0.02557  0.12039  2.57   54213    6527  255225   924814  17.06
1900-1904     60-64     0.03459  0.15958  2.58   47686    7610  219987   669589  14.04
1900-1904     65-69     0.05209  0.23110  2.56   40076    9262  177814   449602  11.22
1900-1904     70-74     0.07588  0.31868  2.49   30815    9820  129416   271788   8.82
1900-1904     75-79     0.11098  0.43234  2.45   20995    9077   81786   142373   6.78
1900-1904     80-84     0.17134  0.58902  2.35   11918    7020   40972    60586   5.08
1900-1904     85-89     0.22850  0.69272  2.16    4898    3393   14849    19615   4.00
1900-1904     90-94     0.29843  0.78720  2.00    1505    1185    3970     4766   3.17
1900-1904     95-99     0.39196  0.87266  1.82     320     279     713      796   2.49
1900-1904    100-104    0.48596  0.92394  1.65      41      38      78       83   2.03
1900-1904    105-109    0.58146  0.95517  1.49       3       3       5        5   1.71
1900-1904    110+       0.65757  1.00000  1.52       0       0       0        0   1.52
1905-1909        0      0.13058  0.12020  0.34  100000   12020   92052  5144789  51.45
1905-1909      1-4      0.01726  0.06593  1.28   87980    5801  336170  5052737  57.43
1905-1909      5-9      0.00349  0.01729  2.07   82179    1421  406730  4716567  57.39
1905-1909     10-14     0.00209  0.01041  2.55   80758     840  401728  4309837  53.37
1905-1909     15-19     0.00296  0.01469  2.63   79918    1174  396809  3908109  48.90
1905-1909     20-24     0.00371  0.01839  2.56   78744    1448  390181  3511300  44.59
1905-1909     25-29     0.00442  0.02186  2.58   77296    1690  382382  3121119  40.38
1905-1909     30-34     0.00549  0.02708  2.57   75606    2047  373055  2738736  36.22
1905-1909     35-39     0.00709  0.03486  2.61   73558    2564  361667  2365682  32.16
1905-1909     40-44     0.00933  0.04563  2.57   70994    3239  347085  2004015  28.23
1905-1909     45-49     0.01210  0.05879  2.61   67755    3983  329261  1656930  24.45
1905-1909     50-54     0.01672  0.08035  2.58   63771    5124  306473  1327669  20.82
1905-1909     55-59     0.02323  0.11002  2.61   58647    6452  277800  1021196  17.41
1905-1909     60-64     0.03385  0.15636  2.57   52195    8161  241116   743396  14.24
1905-1909     65-69     0.04872  0.21777  2.57   44034    9589  196840   502280  11.41
1905-1909     70-74     0.07432  0.31381  2.52   34444   10809  145441   305440   8.87
1905-1909     75-79     0.11129  0.43276  2.43   23635   10228   91908   160000   6.77
1905-1909     80-84     0.16849  0.58220  2.35   13407    7806   46327    68092   5.08
1905-1909     85-89     0.23181  0.70021  2.17    5601    3922   16920    21765   3.89
1905-1909     90-94     0.33136  0.82645  1.97    1679    1388    4188     4845   2.89
1905-1909     95-99     0.43463  0.90071  1.75     291     262     604      656   2.25
1905-1909    100-104    0.54622  0.94650  1.55      29      27      50       52   1.81
1905-1909    105-109    0.65403  0.97067  1.38       2       2       2        2   1.52
1905-1909    110+       0.73625  1.00000  1.36       0       0       0        0   1.36
1910-1914        0      0.11613  0.10781  0.34  100000   10781   92838  5317308  53.17
1910-1914      1-4      0.01545  0.05930  1.27   89219    5290  342451  5224471  58.56
1910-1914      5-9      0.00323  0.01598  2.05   83928    1341  415685  4882019  58.17
1910-1914     10-14     0.00199  0.00993  2.54   82587     820  410922  4466334  54.08
1910-1914     15-19     0.00327  0.01623  2.76   81768    1327  405873  4055411  49.60
1910-1914     20-24     0.00422  0.02087  2.51   80441    1679  398024  3649539  45.37
1910-1914     25-29     0.00446  0.02208  2.53   78762    1739  389522  3251515  41.28
1910-1914     30-34     0.00516  0.02550  2.58   77023    1964  380357  2861992  37.16
1910-1914     35-39     0.00653  0.03213  2.59   75059    2412  369476  2481636  33.06
1910-1914     40-44     0.00819  0.04017  2.58   72647    2918  356183  2112159  29.07
1910-1914     45-49     0.01107  0.05392  2.60   69728    3760  339625  1755977  25.18
1910-1914     50-54     0.01530  0.07382  2.63   65969    4870  318313  1416352  21.47
1910-1914     55-59     0.02132  0.10143  2.61   61099    6197  290693  1098039  17.97
1910-1914     60-64     0.03145  0.14627  2.61   54902    8030  255324   807346  14.71
1910-1914     65-69     0.04463  0.20121  2.55   46871    9431  211298   552022  11.78
1910-1914     70-74     0.07273  0.30909  2.57   37440   11573  159123   340724   9.10
1910-1914     75-79     0.10639  0.41725  2.42   25868   10794  101453   181602   7.02
1910-1914     80-84     0.15585  0.55290  2.37   15074    8335   53480    80149   5.32
1910-1914     85-89     0.23039  0.69762  2.17    6740    4702   20409    26669   3.96
1910-1914     90-94     0.30634  0.79995  2.01    2038    1630    5322     6260   3.07
1910-1914     95-99     0.42435  0.89518  1.77     408     365     860      939   2.30
1910-1914    100-104    0.53834  0.94427  1.56      43      40      75       79   1.84
1910-1914    105-109    0.64904  0.96993  1.39       2       2       4        4   1.54
1910-1914    110+       0.73351  1.00000  1.36       0       0       0        0   1.36
1915-1919        0      0.09906  0.09277  0.32  100000    9277   93653  4686876  46.87
1915-1919      1-4      0.01611  0.06183  1.37   90723    5610  348114  4593223  50.63
1915-1919      5-9      0.00394  0.01946  2.09   85113    1657  420738  4245109  49.88
1915-1919     10-14     0.00256  0.01272  2.58   83457    1061  414712  3824371  45.82
1915-1919     15-19     0.00975  0.04797  3.28   82395    3953  405180  3409660  41.38
1915-1919     20-24     0.01959  0.09332  2.47   78443    7320  373693  3004480  38.30
1915-1919     25-29     0.01736  0.08302  2.37   71123    5905  340114  2630787  36.99
1915-1919     30-34     0.01251  0.06053  2.33   65218    3948  315570  2290673  35.12
1915-1919     35-39     0.01009  0.04918  2.46   61271    3013  298685  1975103  32.24
1915-1919     40-44     0.00956  0.04669  2.48   58257    2720  284432  1676419  28.78
1915-1919     45-49     0.01117  0.05437  2.60   55537    3020  270438  1391987  25.06
1915-1919     50-54     0.01515  0.07307  2.60   52517    3838  253358  1121548  21.36
1915-1919     55-59     0.02082  0.09926  2.65   48680    4832  232032   868190  17.83
1915-1919     60-64     0.03084  0.14361  2.61   43848    6297  204191   636158  14.51
1915-1919     65-69     0.04604  0.20725  2.59   37551    7782  169038   431967  11.50
1915-1919     70-74     0.07334  0.31122  2.57   29769    9265  126320   262929   8.83
1915-1919     75-79     0.11496  0.44285  2.41   20504    9080   78982   136609   6.66
1915-1919     80-84     0.16485  0.57456  2.36   11424    6564   39817    57626   5.04
1915-1919     85-89     0.25175  0.73148  2.14    4860    3555   14122    17810   3.66
1915-1919     90-94     0.33543  0.82804  1.94    1305    1081    3222     3688   2.83
1915-1919     95-99     0.47280  0.92076  1.68     224     207     437      467   2.08
1915-1919    100-104    0.59756  0.96047  1.47      18      17      29       30   1.66
1915-1919    105-109    0.71194  0.97913  1.30       1       1       1        1   1.40
1915-1919    110+       0.79468  1.00000  1.26       0       0       0        0   1.26
1920-1924        0      0.08131  0.07680  0.28  100000    7680   94450  5821791  58.22
1920-1924      1-4      0.01044  0.04062  1.32   92320    3750  359212  5727341  62.04
1920-1924      5-9      0.00268  0.01330  2.12   88570    1178  439457  5368129  60.61
1920-1924     10-14     0.00177  0.00883  2.56   87392     772  435077  4928672  56.40
1920-1924     15-19     0.00267  0.01326  2.65   86620    1148  430407  4493595  51.88
1920-1924     20-24     0.00340  0.01684  2.55   85472    1439  423840  4063188  47.54
1920-1924     25-29     0.00374  0.01851  2.54   84033    1555  416338  3639348  43.31
1920-1924     30-34     0.00424  0.02098  2.57   82477    1731  408179  3223010  39.08
1920-1924     35-39     0.00529  0.02610  2.59   80747    2107  398647  2814831  34.86
1920-1924     40-44     0.00651  0.03206  2.58   78639    2521  387099  2416185  30.72
1920-1924     45-49     0.00866  0.04241  2.61   76118    3228  372863  2029086  26.66
1920-1924     50-54     0.01207  0.05869  2.65   72890    4278  354412  1656223  22.72
1920-1924     55-59     0.01742  0.08367  2.64   68612    5741  329527  1301810  18.97
1920-1924     60-64     0.02647  0.12463  2.65   62871    7835  295971   972284  15.46
1920-1924     65-69     0.04073  0.18553  2.60   55036   10211  250670   676313  12.29
1920-1924     70-74     0.06460  0.27937  2.58   44825   12523  193867   425642   9.50
1920-1924     75-79     0.10199  0.40511  2.46   32302   13086  128301   231776   7.18
1920-1924     80-84     0.15220  0.54506  2.40   19216   10474   68817   103475   5.38
1920-1924     85-89     0.22917  0.69610  2.18    8742    6085   26554    34658   3.96
1920-1924     90-94     0.30797  0.80239  2.02    2657    2132    6922     8105   3.05
1920-1924     95-99     0.43411  0.90126  1.76     525     473    1090     1183   2.25
1920-1924    100-104    0.55428  0.94937  1.54      52      49      89       93   1.79
1920-1924    105-109    0.66933  0.97336  1.36       3       3       4        4   1.49
1920-1924    110+       0.75566  1.00000  1.32       0       0       0        0   1.32
1925-1929        0      0.07276  0.06900  0.25  100000    6900   94840  5937925  59.38
1925-1929      1-4      0.00932  0.03638  1.30   93100    3387  363260  5843085  62.76
1925-1929      5-9      0.00238  0.01180  2.12   89712    1059  445512  5479825  61.08
1925-1929     10-14     0.00159  0.00793  2.59   88653     703  441573  5034313  56.79
1925-1929     15-19     0.00252  0.01253  2.66   87950    1102  437176  4592740  52.22
1925-1929     20-24     0.00312  0.01549  2.52   86848    1346  430900  4155564  47.85
1925-1929     25-29     0.00337  0.01672  2.53   85502    1429  423977  3724664  43.56
1925-1929     30-34     0.00375  0.01858  2.56   84073    1562  416556  3300687  39.26
1925-1929     35-39     0.00476  0.02354  2.62   82511    1943  407930  2884131  34.95
1925-1929     40-44     0.00628  0.03091  2.59   80568    2491  396838  2476201  30.73
1925-1929     45-49     0.00847  0.04150  2.64   78078    3240  382733  2079363  26.63
1925-1929     50-54     0.01186  0.05766  2.63   74837    4315  363960  1696630  22.67
1925-1929     55-59     0.01697  0.08161  2.66   70522    5755  339121  1332670  18.90
1925-1929     60-64     0.02582  0.12174  2.65   64767    7885  305339   993549  15.34
1925-1929     65-69     0.04114  0.18722  2.60   56882   10649  258837   688210  12.10
1925-1929     70-74     0.06581  0.28398  2.59   46233   13129  199504   429373   9.29
1925-1929     75-79     0.10703  0.42049  2.45   33104   13920  130057   229869   6.94
1925-1929     80-84     0.15806  0.55897  2.38   19184   10723   67842    99812   5.20
1925-1929     85-89     0.24234  0.71722  2.16    8461    6068   25040    31970   3.78
1925-1929     90-94     0.32651  0.82190  1.98    2393    1966    6023     6930   2.90
1925-1929     95-99     0.46099  0.91538  1.71     426     390     846      907   2.13
1925-1929    100-104    0.58603  0.95784  1.49      36      35      59       61   1.69
1925-1929    105-109    0.70188  0.97792  1.31       2       1       2        2   1.42
1925-1929    110+       0.78632  1.00000  1.27       0       0       0        0   1.27
1930-1934        0      0.06353  0.06056  0.23  100000    6056   95328  6118183  61.18
1930-1934      1-4      0.00692  0.02720  1.40   93944    2555  369141  6022856  64.11
1930-1934      5-9      0.00224  0.01114  2.10   91388    1018  453993  5653715  61.86
1930-1934     10-14     0.00146  0.00727  2.57   90370     657  450255  5199721  57.54
1930-1934     15-19     0.00239  0.01188  2.69   89714    1066  446109  4749466  52.94
1930-1934     20-24     0.00302  0.01499  2.52   88648    1329  439941  4303357  48.54
1930-1934     25-29     0.00313  0.01555  2.53   87319    1358  433244  3863416  44.25
1930-1934     30-34     0.00345  0.01712  2.57   85961    1471  426230  3430172  39.90
1930-1934     35-39     0.00434  0.02149  2.60   84489    1815  418088  3003943  35.55
1930-1934     40-44     0.00565  0.02787  2.60   82674    2304  407844  2585855  31.28
1930-1934     45-49     0.00803  0.03941  2.63   80370    3168  394351  2178010  27.10
1930-1934     50-54     0.01132  0.05514  2.64   77202    4257  375981  1783660  23.10
1930-1934     55-59     0.01634  0.07867  2.65   72946    5739  351253  1407678  19.30
1930-1934     60-64     0.02472  0.11684  2.66   67207    7853  317655  1056426  15.72
1930-1934     65-69     0.03881  0.17751  2.60   59354   10536  271511   738770  12.45
1930-1934     70-74     0.06295  0.27331  2.59   48818   13343  211955   467260   9.57
1930-1934     75-79     0.10092  0.40243  2.48   35476   14276  141467   255304   7.20
1930-1934     80-84     0.15168  0.54356  2.39   21199   11523   75969   113838   5.37
1930-1934     85-89     0.23183  0.69969  2.17    9676    6770   29204    37869   3.91
1930-1934     90-94     0.31602  0.81047  2.00    2906    2355    7453     8665   2.98
1930-1934     95-99     0.44475  0.90729  1.74     551     500    1124     1213   2.20
1930-1934    100-104    0.56897  0.95359  1.51      51      49      86       89   1.74
1930-1934    105-109    0.68629  0.97590  1.33       2       2       3        3   1.45
1930-1934    110+       0.77304  1.00000  1.29       0       0       0        0   1.29
1935-1939        0      0.05721  0.05473  0.21  100000    5473   95672  6306187  63.06
1935-1939      1-4      0.00473  0.01870  1.47   94527    1768  373637  6210515  65.70
1935-1939      5-9      0.00186  0.00923  2.13   92759     856  461337  5836878  62.93
1935-1939     10-14     0.00118  0.00589  2.58   91903     541  458204  5375541  58.49
1935-1939     15-19     0.00194  0.00965  2.67   91362     882  454750  4917337  53.82
1935-1939     20-24     0.00262  0.01303  2.55   90480    1179  449508  4462586  49.32
1935-1939     25-29     0.00270  0.01340  2.51   89300    1197  443527  4013078  44.94
1935-1939     30-34     0.00291  0.01447  2.55   88104    1275  437399  3569551  40.52
1935-1939     35-39     0.00373  0.01850  2.61   86829    1607  430297  3132152  36.07
1935-1939     40-44     0.00496  0.02450  2.61   85222    2088  421123  2701856  31.70
1935-1939     45-49     0.00721  0.03546  2.67   83134    2948  408801  2280733  27.43
1935-1939     50-54     0.01080  0.05267  2.64   80186    4224  390965  1871932  23.34
1935-1939     55-59     0.01573  0.07586  2.67   75962    5762  366396  1480967  19.50
1935-1939     60-64     0.02447  0.11572  2.66   70200    8124  331965  1114571  15.88
1935-1939     65-69     0.03756  0.17240  2.62   62077   10702  284896   782605  12.61
1935-1939     70-74     0.06094  0.26588  2.60   51375   13660  224155   497710   9.69
1935-1939     75-79     0.09936  0.39714  2.47   37715   14978  150753   273554   7.25
1935-1939     80-84     0.15025  0.53974  2.39   22737   12272   81675   122801   5.40
1935-1939     85-89     0.22900  0.69628  2.19   10465    7286   31819    41126   3.93
1935-1939     90-94     0.32351  0.82110  2.00    3178    2610    8067     9307   2.93
1935-1939     95-99     0.44914  0.90974  1.73     569     517    1152     1240   2.18
1935-1939    100-104    0.57561  0.95540  1.50      51      49      85       88   1.72
1935-1939    105-109    0.69407  0.97698  1.32       2       2       3        3   1.44
1935-1939    110+       0.78091  1.00000  1.28       0       0       0        0   1.28
1940-1944        0      0.05437  0.05210  0.20  100000    5210   95826  6221224  62.21
1940-1944      1-4      0.00392  0.01551  1.57   94790    1471  375581  6125398  64.62
1940-1944      5-9      0.00166  0.00826  2.16   93319     771  464410  5749816  61.61
1940-1944     10-14     0.00118  0.00589  2.61   92548     546  461436  5285406  57.11
1940-1944     15-19     0.00358  0.01777  3.02   92003    1635  456774  4823971  52.43
1940-1944     20-24     0.00581  0.02866  2.53   90367    2590  445447  4367196  48.33
1940-1944     25-29     0.00471  0.02324  2.36   87777    2040  433504  3921749  44.68
1940-1944     30-34     0.00407  0.02015  2.46   85737    1728  424293  3488245  40.69
1940-1944     35-39     0.00405  0.02003  2.54   84009    1682  415908  3063952  36.47
1940-1944     40-44     0.00492  0.02433  2.60   82327    2003  406821  2648044  32.16
1940-1944     45-49     0.00692  0.03405  2.65   80324    2735  395186  2241223  27.90
1940-1944     50-54     0.01024  0.05002  2.66   77590    3881  378859  1846037  23.79
1940-1944     55-59     0.01528  0.07377  2.66   73709    5438  355831  1467178  19.91
1940-1944     60-64     0.02319  0.10997  2.66   68271    7508  323760  1111347  16.28
1940-1944     65-69     0.03601  0.16576  2.61   60763   10072  279710   787587  12.96
1940-1944     70-74     0.05677  0.24984  2.60   50691   12665  223108   507877  10.02
1940-1944     75-79     0.09342  0.37901  2.51   38027   14413  154284   284770   7.49
1940-1944     80-84     0.14447  0.52595  2.42   23614   12420   85971   130486   5.53
1940-1944     85-89     0.22604  0.69241  2.20   11194    7751   34291    44515   3.98
1940-1944     90-94     0.31698  0.81381  2.01    3443    2802    8840    10224   2.97
1940-1944     95-99     0.45380  0.91254  1.72     641     585    1289     1384   2.16
1940-1944    100-104    0.58551  0.95808  1.49      56      54      92       95   1.70
1940-1944    105-109    0.70731  0.97876  1.31       2       2       3        3   1.41
1940-1944    110+       0.79508  1.00000  1.26       0       0       0        0   1.26
1945-1949        0      0.03984  0.03855  0.16  100000    3855   96765  6655388  66.55
1945-1949      1-4      0.00195  0.00778  1.55   96145     748  382752  6558623  68.22
1945-1949      5-9      0.00086  0.00430  2.24   95398     410  475855  6175871  64.74
1945-1949     10-14     0.00070  0.00352  2.64   94988     334  474148  5700016  60.01
1945-1949     15-19     0.00209  0.01041  3.04   94653     985  471338  5225868  55.21
1945-1949     20-24     0.00360  0.01785  2.47   93668    1672  464110  4754530  50.76
1945-1949     25-29     0.00299  0.01485  2.42   91996    1366  456458  4290421  46.64
1945-1949     30-34     0.00277  0.01375  2.46   90630    1246  449983  3833962  42.30
1945-1949     35-39     0.00284  0.01410  2.56   89384    1261  443844  3383979  37.86
1945-1949     40-44     0.00368  0.01826  2.64   88123    1609  436825  2940135  33.36
1945-1949     45-49     0.00575  0.02838  2.68   86514    2456  426877  2503310  28.94
1945-1949     50-54     0.00880  0.04310  2.66   84058    3622  411823  2076433  24.70
1945-1949     55-59     0.01352  0.06557  2.69   80436    5274  389983  1664610  20.69
1945-1949     60-64     0.02133  0.10157  2.66   75162    7634  357972  1274627  16.96
1945-1949     65-69     0.03256  0.15119  2.64   67528   10209  313525   916655  13.57
1945-1949     70-74     0.05265  0.23378  2.61   57318   13400  254521   603130  10.52
1945-1949     75-79     0.08522  0.35190  2.53   43919   15455  181355   348609   7.94
1945-1949     80-84     0.13292  0.49582  2.44   28464   14113  106177   167254   5.88
1945-1949     85-89     0.20705  0.65817  2.23   14351    9445   45619    61077   4.26
1945-1949     90-94     0.29614  0.78874  2.04    4906    3869   13066    15458   3.15
1945-1949     95-99     0.42215  0.89542  1.78    1036     928    2198     2393   2.31
1945-1949    100-104    0.55132  0.94912  1.55     108     103     187      195   1.80
1945-1949    105-109    0.67532  0.97455  1.35       6       5       8        8   1.48
1945-1949    110+       0.76744  1.00000  1.30       0       0       0        0   1.30
1950-1954        0      0.02784  0.02718  0.13  100000    2718   97627  6961972  69.62
1950-1954      1-4      0.00122  0.00488  1.55   97282     474  387964  6864345  70.56
1950-1954      5-9      0.00050  0.00249  2.24   96807     241  483373  6476382  66.90
1950-1954     10-14     0.00043  0.00214  2.62   96567     206  482341  5993008  62.06
1950-1954     15-19     0.00072  0.00361  2.71   96360     348  481003  5510668  57.19
1950-1954     20-24     0.00106  0.00529  2.56   96012     508  478820  5029664  52.39
1950-1954     25-29     0.00122  0.00607  2.57   95504     580  476112  4550844  47.65
1950-1954     30-34     0.00147  0.00731  2.57   94924     694  472936  4074733  42.93
1950-1954     35-39     0.00198  0.00987  2.63   94230     930  468949  3601797  38.22
1950-1954     40-44     0.00296  0.01471  2.68   93301    1373  463314  3132848  33.58
1950-1954     45-49     0.00499  0.02465  2.71   91928    2266  454444  2669534  29.04
1950-1954     50-54     0.00825  0.04046  2.69   89661    3628  439938  2215089  24.71
1950-1954     55-59     0.01321  0.06410  2.69   86034    5515  417407  1775151  20.63
1950-1954     60-64     0.02109  0.10052  2.67   80519    8094  383762  1357744  16.86
1950-1954     65-69     0.03325  0.15413  2.63   72425   11163  335683   973982  13.45
1950-1954     70-74     0.05299  0.23520  2.61   61262   14409  271940   638300  10.42
1950-1954     75-79     0.08698  0.35798  2.53   46853   16772  192825   366360   7.82
1950-1954     80-84     0.13632  0.50495  2.43   30080   15189  111422   173535   5.77
1950-1954     85-89     0.21234  0.66811  2.23   14891    9949   46853    62114   4.17
1950-1954     90-94     0.30364  0.79914  2.04    4942    3950   13007    15260   3.09
1950-1954     95-99     0.43012  0.89994  1.77     993     893    2077     2253   2.27
1950-1954    100-104    0.55919  0.95128  1.53      99      94     169      176   1.77
1950-1954    105-109    0.68203  0.97547  1.34       5       5       7        7   1.46
1950-1954    110+       0.77279  1.00000  1.29       0       0       0        0   1.29
1955-1959        0      0.02346  0.02299  0.11  100000    2299   97965  7083901  70.84
1955-1959      1-4      0.00092  0.00367  1.60   97701     358  389945  6985937  71.50
1955-1959      5-9      0.00041  0.00204  2.25   97343     199  486169  6595991  67.76
1955-1959     10-14     0.00035  0.00173  2.63   97144     168  485323  6109822  62.89
1955-1959     15-19     0.00062  0.00309  2.73   96976     300  484202  5624499  58.00
1955-1959     20-24     0.00083  0.00413  2.52   96677     399  482394  5140298  53.17
1955-1959     25-29     0.00091  0.00455  2.57   96278     439  480323  4657904  48.38
1955-1959     30-34     0.00115  0.00572  2.63   95839     548  477896  4177581  43.59
1955-1959     35-39     0.00169  0.00842  2.66   95291     802  474578  3699685  38.83
1955-1959     40-44     0.00266  0.01324  2.69   94489    1251  469557  3225107  34.13
1955-1959     45-49     0.00447  0.02213  2.72   93238    2063  461488  2755550  29.55
1955-1959     50-54     0.00758  0.03726  2.70   91175    3397  448077  2294062  25.16
1955-1959     55-59     0.01261  0.06127  2.68   87778    5378  426433  1845985  21.03
1955-1959     60-64     0.02019  0.09639  2.67   82400    7943  393482  1419552  17.23
1955-1959     65-69     0.03176  0.14766  2.63   74457   10994  346185  1026070  13.78
1955-1959     70-74     0.05094  0.22708  2.61   63462   14411  282877   679885  10.71
1955-1959     75-79     0.08218  0.34161  2.53   49051   16757  203893   397008   8.09
1955-1959     80-84     0.12902  0.48510  2.44   32295   15666  121424   193114   5.98
1955-1959     85-89     0.20352  0.65292  2.26   16629   10857   53347    71690   4.31
1955-1959     90-94     0.29308  0.78625  2.05    5772    4538   15483    18344   3.18
1955-1959     95-99     0.42016  0.89449  1.79    1234    1104    2626     2860   2.32
1955-1959    100-104    0.55166  0.94937  1.55     130     124     224      234   1.80
1955-1959    105-109    0.67796  0.97500  1.35       7       6       9       10   1.47
1955-1959    110+       0.77148  1.00000  1.30       0       0       0        0   1.30
1960-1964        0      0.02159  0.02118  0.11  100000    2118   98113  7128496  71.28
1960-1964      1-4      0.00085  0.00340  1.59   97882     333  390727  7030383  71.83
1960-1964      5-9      0.00040  0.00198  2.31   97549     193  487226  6639656  68.06
1960-1964     10-14     0.00032  0.00162  2.60   97356     157  486402  6152429  63.20
1960-1964     15-19     0.00067  0.00333  2.82   97198     324  485285  5666027  58.29
1960-1964     20-24     0.00081  0.00406  2.46   96875     393  483377  5180743  53.48
1960-1964     25-29     0.00082  0.00408  2.57   96482     394  481452  4697366  48.69
1960-1964     30-34     0.00106  0.00526  2.63   96088     506  479241  4215914  43.88
1960-1964     35-39     0.00162  0.00805  2.70   95582     770  476139  3736673  39.09
1960-1964     40-44     0.00263  0.01307  2.69   94812    1239  471203  3260534  34.39
1960-1964     45-49     0.00439  0.02175  2.70   93573    2035  463187  2789331  29.81
1960-1964     50-54     0.00727  0.03574  2.69   91538    3272  450144  2326144  25.41
1960-1964     55-59     0.01212  0.05895  2.69   88267    5204  429321  1876000  21.25
1960-1964     60-64     0.01999  0.09550  2.66   83063    7932  396763  1446679  17.42
1960-1964     65-69     0.03132  0.14579  2.63   75131   10953  349715  1049916  13.97
1960-1964     70-74     0.04971  0.22212  2.60   64177   14255  286735   700200  10.91
1960-1964     75-79     0.07932  0.33163  2.53   49923   16556  208721   413466   8.28
1960-1964     80-84     0.12474  0.47332  2.45   33367   15793  126605   204744   6.14
1960-1964     85-89     0.19541  0.63672  2.26   17574   11190   57261    78139   4.45
1960-1964     90-94     0.28388  0.77675  2.09    6384    4959   17468    20878   3.27
1960-1964     95-99     0.40602  0.88577  1.82    1425    1263    3109     3410   2.39
1960-1964    100-104    0.53637  0.94482  1.57     163     154     287      300   1.84
1960-1964    105-109    0.66376  0.97293  1.37       9       9      13       13   1.50
1960-1964    110+       0.75931  1.00000  1.32       0       0       0        0   1.32
1965-1969        0      0.01867  0.01836  0.10  100000    1836   98348  7197855  71.98
1965-1969      1-4      0.00080  0.00320  1.62   98164     314  391908  7099507  72.32
1965-1969      5-9      0.00037  0.00182  2.34   97850     178  488775  6707599  68.55
1965-1969     10-14     0.00033  0.00166  2.63   97671     162  487973  6218824  63.67
1965-1969     15-19     0.00069  0.00346  2.74   97510     337  486788  5730851  58.77
1965-1969     20-24     0.00072  0.00361  2.49   97173     350  484983  5244063  53.97
1965-1969     25-29     0.00076  0.00378  2.55   96822     366  483214  4759080  49.15
1965-1969     30-34     0.00096  0.00478  2.64   96456     461  481191  4275865  44.33
1965-1969     35-39     0.00150  0.00746  2.70   95995     716  478333  3794674  39.53
1965-1969     40-44     0.00258  0.01282  2.70   95280    1222  473589  3316341  34.81
1965-1969     45-49     0.00435  0.02156  2.69   94058    2027  465615  2842752  30.22
1965-1969     50-54     0.00711  0.03498  2.69   92030    3219  452725  2377136  25.83
1965-1969     55-59     0.01152  0.05609  2.69   88812    4982  432530  1924412  21.67
1965-1969     60-64     0.01887  0.09039  2.67   83830    7577  401530  1491882  17.80
1965-1969     65-69     0.03046  0.14205  2.63   76252   10831  355568  1090352  14.30
1965-1969     70-74     0.04805  0.21544  2.61   65421   14094  293354   734784  11.23
1965-1969     75-79     0.07494  0.31595  2.52   51327   16217  216391   441430   8.60
1965-1969     80-84     0.11761  0.45260  2.46   35110   15891  135112   225039   6.41
1965-1969     85-89     0.18269  0.61162  2.30   19219   11755   64342    89927   4.68
1965-1969     90-94     0.26892  0.75631  2.11    7464    5645   20993    25585   3.43
1965-1969     95-99     0.38276  0.86976  1.86    1819    1582    4133     4592   2.52
1965-1969    100-104    0.50966  0.93578  1.62     237     222     435      459   1.94
1965-1969    105-109    0.63712  0.96851  1.41      15      15      23       24   1.56
1965-1969    110+       0.73491  1.00000  1.36       0       0       1        1   1.36
1970-1974        0      0.01694  0.01668  0.10  100000    1668   98492  7245410  72.45
1970-1974      1-4      0.00070  0.00280  1.62   98332     275  392672  7146918  72.68
1970-1974      5-9      0.00033  0.00166  2.32   98057     163  489846  6754246  68.88
1970-1974     10-14     0.00029  0.00144  2.60   97894     141  489131  6264400  63.99
1970-1974     15-19     0.00065  0.00323  2.79   97753     316  488069  5775269  59.08
1970-1974     20-24     0.00072  0.00361  2.42   97437     352  486278  5287199  54.26
1970-1974     25-29     0.00070  0.00351  2.54   97085     341  484590  4800921  49.45
1970-1974     30-34     0.00090  0.00449  2.64   96745     434  482698  4316331  44.62
1970-1974     35-39     0.00139  0.00691  2.68   96310     665  480007  3833633  39.80
1970-1974     40-44     0.00248  0.01231  2.72   95645    1177  475545  3353626  35.06
1970-1974     45-49     0.00440  0.02177  2.71   94468    2057  467627  2878081  30.47
1970-1974     50-54     0.00724  0.03560  2.67   92411    3289  454389  2410454  26.08
1970-1974     55-59     0.01145  0.05574  2.67   89122    4968  434043  1956065  21.95
1970-1974     60-64     0.01813  0.08695  2.65   84154    7318  403583  1522022  18.09
1970-1974     65-69     0.02913  0.13627  2.63   76836   10470  359416  1118439  14.56
1970-1974     70-74     0.04663  0.20966  2.60   66366   13914  298408   759023  11.44
1970-1974     75-79     0.07271  0.30822  2.53   52452   16167  222340   460615   8.78
1970-1974     80-84     0.11354  0.44065  2.46   36285   15989  140819   238275   6.57
1970-1974     85-89     0.17585  0.59674  2.31   20296   12111   68871    97456   4.80
1970-1974     90-94     0.26305  0.74952  2.13    8185    6135   23321    28584   3.49
1970-1974     95-99     0.37549  0.86465  1.88    2050    1773    4721     5263   2.57
1970-1974    100-104    0.50427  0.93402  1.63     277     259     514      543   1.96
1970-1974    105-109    0.63471  0.96820  1.41      18      18      28       29   1.57
1970-1974    110+       0.73497  1.00000  1.36       1       1       1        1   1.36
1975-1979        0      0.01384  0.01367  0.09  100000    1367   98753  7326265  73.26
1975-1979      1-4      0.00056  0.00224  1.63   98633     221  394011  7227512  73.28
1975-1979      5-9      0.00028  0.00139  2.35   98413     137  491701  6833501  69.44
1975-1979     10-14     0.00025  0.00126  2.63   98276     124  491086  6341800  64.53
1975-1979     15-19     0.00063  0.00312  2.86   98152     307  490104  5850714  59.61
1975-1979     20-24     0.00070  0.00349  2.44   97845     342  488352  5360610  54.79
1975-1979     25-29     0.00069  0.00345  2.53   97504     337  486684  4872258  49.97
1975-1979     30-34     0.00084  0.00421  2.64   97167     409  484868  4385574  45.13
1975-1979     35-39     0.00130  0.00650  2.70   96758     629  482341  3900706  40.31
1975-1979     40-44     0.00222  0.01105  2.73   96128    1063  478232  3418365  35.56
1975-1979     45-49     0.00402  0.01989  2.73   95066    1891  471037  2940133  30.93
1975-1979     50-54     0.00696  0.03427  2.68   93175    3193  458460  2469096  26.50
1975-1979     55-59     0.01107  0.05393  2.66   89982    4853  438529  2010636  22.34
1975-1979     60-64     0.01746  0.08387  2.65   85129    7140  408879  1572107  18.47
1975-1979     65-69     0.02742  0.12873  2.63   77989   10040  366138  1163228  14.92
1975-1979     70-74     0.04362  0.19749  2.61   67949   13419  307670   797090  11.73
1975-1979     75-79     0.06964  0.29733  2.54   54530   16213  232827   489420   8.98
1975-1979     80-84     0.11002  0.43020  2.47   38317   16484  149827   256593   6.70
1975-1979     85-89     0.17121  0.58687  2.32   21833   12813   74838   106766   4.89
1975-1979     90-94     0.25859  0.74265  2.13    9020    6699   25904    31928   3.54
1975-1979     95-99     0.37092  0.86138  1.89    2321    2000    5391     6024   2.59
1975-1979    100-104    0.50118  0.93302  1.64     322     300     599      633   1.97
1975-1979    105-109    0.63366  0.96809  1.41      22      21      33       34   1.57
1975-1979    110+       0.73552  1.00000  1.36       1       1       1        1   1.36
1980-1984        0      0.01067  0.01056  0.08  100000    1056   99026  7445522  74.46
1980-1984      1-4      0.00046  0.00183  1.58   98944     181  395336  7346496  74.25
1980-1984      5-9      0.00023  0.00113  2.38   98762     112  493519  6951160  70.38
1980-1984     10-14     0.00023  0.00117  2.65   98651     115  492983  6457641  65.46
1980-1984     15-19     0.00056  0.00279  2.85   98535     275  492085  5964658  60.53
1980-1984     20-24     0.00061  0.00306  2.43   98260     300  490531  5472573  55.69
1980-1984     25-29     0.00065  0.00323  2.55   97960     317  489025  4982042  50.86
1980-1984     30-34     0.00078  0.00392  2.61   97643     382  487304  4493017  46.01
1980-1984     35-39     0.00115  0.00572  2.68   97261     557  485013  4005713  41.19
1980-1984     40-44     0.00195  0.00970  2.72   96704     938  481379  3520700  36.41
1980-1984     45-49     0.00348  0.01727  2.73   95766    1654  475069  3039321  31.74
1980-1984     50-54     0.00607  0.02994  2.72   94112    2818  464123  2564252  27.25
1980-1984     55-59     0.01031  0.05033  2.68   91294    4595  445798  2100129  23.00
1980-1984     60-64     0.01645  0.07920  2.64   86699    6866  417291  1654331  19.08
1980-1984     65-69     0.02544  0.11999  2.63   79833    9579  376462  1237040  15.50
1980-1984     70-74     0.04023  0.18351  2.61   70254   12892  320450   860578  12.25
1980-1984     75-79     0.06368  0.27555  2.56   57362   15806  248191   540128   9.42
1980-1984     80-84     0.10240  0.40697  2.48   41556   16912  165159   291937   7.03
1980-1984     85-89     0.16004  0.56197  2.35   24644   13849   86533   126778   5.14
1980-1984     90-94     0.24279  0.71971  2.17   10795    7769   31999    40245   3.73
1980-1984     95-99     0.35100  0.84520  1.93    3026    2557    7286     8246   2.73
1980-1984    100-104    0.47955  0.92444  1.68     468     433     903      960   2.05
1980-1984    105-109    0.61338  0.96428  1.45      35      34      56       57   1.62
1980-1984    110+       0.71800  1.00000  1.39       1       1       2        2   1.39
1985-1989        0      0.00910  0.00902  0.07  100000     902   99164  7537088  75.37
1985-1989      1-4      0.00042  0.00167  1.58   99098     166  395990  7437923  75.06
1985-1989      5-9      0.00019  0.00094  2.38   98932      93  494416  7041933  71.18
1985-1989     10-14     0.00021  0.00105  2.73   98839     103  493959  6547517  66.24
1985-1989     15-19     0.00051  0.00252  2.83   98735     249  493136  6053558  61.31
1985-1989     20-24     0.00060  0.00302  2.46   98486     297  491675  5560422  56.46
1985-1989     25-29     0.00060  0.00302  2.55   98189     296  490220  5068747  51.62
1985-1989     30-34     0.00079  0.00393  2.62   97893     385  488546  4578527  46.77
1985-1989     35-39     0.00111  0.00553  2.65   97508     539  486269  4089981  41.95
1985-1989     40-44     0.00178  0.00885  2.70   96968     859  482867  3603712  37.16
1985-1989     45-49     0.00309  0.01532  2.70   96110    1472  477163  3120845  32.47
1985-1989     50-54     0.00523  0.02582  2.70   94637    2444  467575  2643682  27.93
1985-1989     55-59     0.00906  0.04437  2.70   92193    4091  451570  2176107  23.60
1985-1989     60-64     0.01537  0.07417  2.66   88103    6535  425224  1724537  19.57
1985-1989     65-69     0.02410  0.11396  2.62   81568    9296  385733  1299313  15.93
1985-1989     70-74     0.03785  0.17357  2.61   72272   12544  331419   913580  12.64
1985-1989     75-79     0.05982  0.26104  2.56   59728   15591  260649   582161   9.75
1985-1989     80-84     0.09604  0.38713  2.50   44137   17087  177910   321511   7.28
1985-1989     85-89     0.15260  0.54449  2.37   27050   14729   96516   143601   5.31
1985-1989     90-94     0.23522  0.70838  2.19   12322    8728   37107    47085   3.82
1985-1989     95-99     0.34340  0.83886  1.95    3593    3014    8778     9978   2.78
1985-1989    100-104    0.47375  0.92217  1.69     579     534    1127     1201   2.07
1985-1989    105-109    0.61031  0.96379  1.45      45      43      71       73   1.63
1985-1989    110+       0.71723  1.00000  1.39       2       2       2        2   1.39
1990-1994        0      0.00679  0.00675  0.07  100000     675   99371  7651762  76.52
1990-1994      1-4      0.00033  0.00132  1.56   99325     131  396980  7552392  76.04
1990-1994      5-9      0.00016  0.00079  2.43   99194      78  495768  7155412  72.14
1990-1994     10-14     0.00018  0.00090  2.75   99116      89  495377  6659644  67.19
1990-1994     15-19     0.00047  0.00234  2.83   99026     231  494630  6164267  62.25
1990-1994     20-24     0.00062  0.00309  2.50   98795     306  493211  5669637  57.39
1990-1994     25-29     0.00066  0.00327  2.55   98489     322  491658  5176427  52.56
1990-1994     30-34     0.00081  0.00404  2.61   98167     396  489888  4684769  47.72
1990-1994     35-39     0.00114  0.00567  2.66   97771     554  487561  4194881  42.91
1990-1994     40-44     0.00170  0.00848  2.67   97217     825  484164  3707320  38.13
1990-1994     45-49     0.00274  0.01359  2.69   96392    1310  478933  3223156  33.44
1990-1994     50-54     0.00465  0.02299  2.69   95082    2186  470358  2744223  28.86
1990-1994     55-59     0.00775  0.03806  2.70   92896    3535  456342  2273865  24.48
1990-1994     60-64     0.01334  0.06471  2.69   89361    5782  433431  1817523  20.34
1990-1994     65-69     0.02214  0.10519  2.64   83579    8791  397153  1384093  16.56
1990-1994     70-74     0.03492  0.16112  2.61   74787   12050  345087   986940  13.20
1990-1994     75-79     0.05476  0.24182  2.59   62738   15171  277059   641853  10.23
1990-1994     80-84     0.08805  0.36126  2.52   47567   17184  195160   364794   7.67
1990-1994     85-89     0.14140  0.51699  2.40   30383   15708  111087   169634   5.58
1990-1994     90-94     0.22229  0.68757  2.23   14675   10090   45392    58546   3.99
1990-1994     95-99     0.33057  0.82737  1.98    4585    3793   11476    13154   2.87
1990-1994    100-104    0.46230  0.91728  1.71     792     726    1571     1679   2.12
1990-1994    105-109    0.60195  0.96219  1.46      65      63     105      108   1.65
1990-1994    110+       0.71188  1.00000  1.40       2       2       3        3   1.40
1995-1999        0      0.00581  0.00578  0.06  100000     578   99460  7743441  77.43
1995-1999      1-4      0.00027  0.00109  1.53   99422     108  397423  7643981  76.88
1995-1999      5-9      0.00012  0.00062  2.42   99314      61  496414  7246558  72.97
1995-1999     10-14     0.00016  0.00078  2.73   99253      77  496091  6750144  68.01
1995-1999     15-19     0.00044  0.00218  2.92   99176     216  495431  6254053  63.06
1995-1999     20-24     0.00061  0.00303  2.53   98960     300  494062  5758621  58.19
1995-1999     25-29     0.00068  0.00339  2.57   98661     334  492490  5264559  53.36
1995-1999     30-34     0.00082  0.00411  2.58   98326     404  490656  4772069  48.53
1995-1999     35-39     0.00110  0.00547  2.65   97923     535  488354  4281413  43.72
1995-1999     40-44     0.00168  0.00835  2.68   97387     813  485050  3793059  38.95
1995-1999     45-49     0.00260  0.01293  2.67   96574    1249  479958  3308009  34.25
1995-1999     50-54     0.00423  0.02094  2.69   95325    1996  472022  2828052  29.67
1995-1999     55-59     0.00698  0.03432  2.69   93329    3203  459232  2356030  25.24
1995-1999     60-64     0.01146  0.05583  2.67   90126    5032  438931  1896798  21.05
1995-1999     65-69     0.01935  0.09255  2.67   85094    7876  407102  1457867  17.13
1995-1999     70-74     0.03221  0.14964  2.63   77219   11555  358697  1050765  13.61
1995-1999     75-79     0.05115  0.22757  2.58   65664   14943  292138   692068  10.54
1995-1999     80-84     0.08261  0.34337  2.54   50721   17416  210807   399930   7.88
1995-1999     85-89     0.13611  0.50398  2.43   33305   16785  123319   189123   5.68
1995-1999     90-94     0.22187  0.68785  2.24   16520   11363   51215    65804   3.98
1995-1999     95-99     0.33539  0.83277  1.98    5157    4294   12804    14588   2.83
1995-1999    100-104    0.47458  0.92335  1.69     862     796    1678     1784   2.07
1995-1999    105-109    0.62030  0.96616  1.44      66      64     103      106   1.60
1995-1999    110+       0.73297  1.00000  1.36       2       2       3        3   1.36
2000-2004        0      0.00527  0.00524  0.06  100000     524   99509  7868958  78.69
2000-2004      1-4      0.00023  0.00091  1.58   99476      90  397685  7769449  78.10
2000-2004      5-9      0.00011  0.00053  2.39   99385      53  496789  7371764  74.17
2000-2004     10-14     0.00013  0.00065  2.74   99333      65  496517  6874974  69.21
2000-2004     15-19     0.00037  0.00184  2.94   99268     183  495963  6378457  64.26
2000-2004     20-24     0.00054  0.00269  2.54   99085     266  494768  5882494  59.37
2000-2004     25-29     0.00062  0.00308  2.57   98818     304  493353  5387727  54.52
2000-2004     30-34     0.00079  0.00395  2.60   98514     389  491639  4894374  49.68
2000-2004     35-39     0.00106  0.00527  2.63   98125     517  489401  4402735  44.87
2000-2004     40-44     0.00157  0.00782  2.67   97608     763  486262  3913334  40.09
2000-2004     45-49     0.00251  0.01249  2.70   96845    1210  481436  3427073  35.39
2000-2004     50-54     0.00391  0.01936  2.65   95635    1852  473827  2945637  30.80
2000-2004     55-59     0.00612  0.03017  2.67   93783    2830  462333  2471809  26.36
2000-2004     60-64     0.00998  0.04876  2.66   90954    4435  444398  2009476  22.09
2000-2004     65-69     0.01606  0.07741  2.67   86519    6697  416986  1565078  18.09
2000-2004     70-74     0.02698  0.12692  2.67   79822   10131  375470  1148092  14.38
2000-2004     75-79     0.04556  0.20540  2.61   69691   14314  314211   772621  11.09
2000-2004     80-84     0.07599  0.32018  2.54   55376   17730  233316   458410   8.28
2000-2004     85-89     0.12527  0.47522  2.46   37646   17890  142817   225095   5.98
2000-2004     90-94     0.20932  0.66677  2.28   19756   13173   62931    82277   4.16
2000-2004     95-99     0.32075  0.81883  2.01    6583    5390   16806    19346   2.94
2000-2004    100-104    0.45981  0.91689  1.72    1193    1094    2378     2540   2.13
2000-2004    105-109    0.60769  0.96376  1.46      99      96     157      162   1.64
2000-2004    110+       0.72313  1.00000  1.38       4       4       5        5   1.38
2005-2009        0      0.00484  0.00482  0.06  100000     482   99548  7997667  79.98
2005-2009      1-4      0.00021  0.00083  1.56   99518      82  397872  7898119  79.36
2005-2009      5-9      0.00010  0.00049  2.44   99436      48  497056  7500247  75.43
2005-2009     10-14     0.00012  0.00059  2.74   99387      59  496804  7003191  70.46
2005-2009     15-19     0.00033  0.00163  2.89   99329     162  496301  6506387  65.50
2005-2009     20-24     0.00046  0.00230  2.52   99167     228  495268  6010086  60.61
2005-2009     25-29     0.00056  0.00281  2.59   98939     278  494024  5514818  55.74
2005-2009     30-34     0.00075  0.00372  2.64   98661     367  492437  5020794  50.89
2005-2009     35-39     0.00104  0.00517  2.62   98293     508  490256  4528357  46.07
2005-2009     40-44     0.00151  0.00754  2.65   97785     737  487195  4038101  41.30
2005-2009     45-49     0.00230  0.01145  2.67   97048    1111  482648  3550906  36.59
2005-2009     50-54     0.00363  0.01797  2.67   95937    1724  475664  3068258  31.98
2005-2009     55-59     0.00559  0.02760  2.65   94213    2601  464955  2592594  27.52
2005-2009     60-64     0.00876  0.04292  2.67   91612    3932  448909  2127638  23.22
2005-2009     65-69     0.01388  0.06723  2.66   87680    5894  424605  1678729  19.15
2005-2009     70-74     0.02251  0.10694  2.66   81785    8746  388494  1254124  15.33
2005-2009     75-79     0.03866  0.17720  2.65   73039   12943  334743   865630  11.85
2005-2009     80-84     0.06735  0.28968  2.59   60096   17409  258483   530887   8.83
2005-2009     85-89     0.11475  0.44435  2.46   42687   18968  165303   272404   6.38
2005-2009     90-94     0.18709  0.62429  2.34   23719   14808   79148   107101   4.52
2005-2009     95-99     0.29692  0.79336  2.07    8911    7070   23811    27953   3.14
2005-2009    100-104    0.43337  0.90371  1.77    1841    1664    3840     4142   2.25
2005-2009    105-109    0.58286  0.95843  1.50     177     170     292      302   1.70
2005-2009    110+       0.70204  1.00000  1.42       7       7      10       10   1.42
