England and Wales, Total Population, Life tables (cohort 5x10), Females     Last modified: 03-Nov-2010, MPv5 (May07)

  Year          Age         mx       qx    ax      lx      dx      Lx       Tx     ex
1841-1849        0      0.15191  0.13826  0.35  100000   13826   91013  4310922  43.11
1841-1849      1-4      0.03682  0.13453  1.43   86174   11593  314844  4219909  48.97
1841-1849      5-9      0.00898  0.04371  1.99   74581    3260  363084  3905065  52.36
1841-1849     10-14     0.00491  0.02426  2.54   71321    1730  352356  3541981  49.66
1841-1849     15-19     0.00683  0.03360  2.61   69591    2338  342374  3189624  45.83
1841-1849     20-24     0.00823  0.04033  2.53   67252    2712  329549  2847251  42.34
1841-1849     25-29     0.00861  0.04216  2.50   64540    2721  315899  2517701  39.01
1841-1849     30-34     0.00913  0.04464  2.53   61819    2760  302269  2201803  35.62
1841-1849     35-39     0.01025  0.04996  2.52   59059    2951  287990  1899534  32.16
1841-1849     40-44     0.01160  0.05641  2.54   56109    3165  272759  1611544  28.72
1841-1849     45-49     0.01343  0.06500  2.55   52943    3441  256277  1338785  25.29
1841-1849     50-54     0.01665  0.08003  2.58   49502    3962  237910  1082508  21.87
1841-1849     55-59     0.02211  0.10495  2.58   45540    4780  216127   844598  18.55
1841-1849     60-64     0.02965  0.13831  2.58   40761    5638  190148   628470  15.42
1841-1849     65-69     0.04096  0.18624  2.57   35123    6541  159695   438322  12.48
1841-1849     70-74     0.06287  0.27272  2.57   28582    7795  123985   278627   9.75
1841-1849     75-79     0.09581  0.38562  2.47   20787    8016   83668   154642   7.44
1841-1849     80-84     0.14482  0.52733  2.42   12771    6735   46504    70973   5.56
1841-1849     85-89     0.22092  0.68213  2.20    6037    4118   18639    24469   4.05
1841-1849     90-94     0.31020  0.80654  2.02    1919    1548    4989     5831   3.04
1841-1849     95-99     0.43235  0.90425  1.78     371     336     776      841   2.27
1841-1849    100-104    0.53811  0.93960  1.54      36      33      62       65   1.83
1841-1849    105-109    0.71649  1.00000  1.40       2       2       3        3   1.40
1841-1849    110+             .        .     .       0       0       0        0      .
1850-1859        0      0.15305  0.13920  0.35  100000   13920   90952  4485300  44.85
1850-1859      1-4      0.03612  0.13214  1.42   86080   11375  314939  4394348  51.05
1850-1859      5-9      0.00834  0.04067  1.95   74705    3038  364247  4079409  54.61
1850-1859     10-14     0.00440  0.02174  2.55   71667    1558  354517  3715162  51.84
1850-1859     15-19     0.00586  0.02890  2.60   70109    2026  345680  3360645  47.93
1850-1859     20-24     0.00676  0.03326  2.52   68083    2264  334790  3014964  44.28
1850-1859     25-29     0.00716  0.03519  2.52   65818    2316  323342  2680174  40.72
1850-1859     30-34     0.00803  0.03939  2.55   63502    2502  311369  2356832  37.11
1850-1859     35-39     0.00917  0.04484  2.54   61000    2735  298273  2045464  33.53
1850-1859     40-44     0.01043  0.05083  2.52   58265    2962  283992  1747190  29.99
1850-1859     45-49     0.01196  0.05810  2.55   55303    3213  268654  1463198  26.46
1850-1859     50-54     0.01446  0.06987  2.57   52090    3639  251613  1194544  22.93
1850-1859     55-59     0.01877  0.08978  2.60   48451    4350  231803   942932  19.46
1850-1859     60-64     0.02571  0.12109  2.61   44101    5340  207727   711128  16.12
1850-1859     65-69     0.03655  0.16800  2.59   38761    6512  178140   503401  12.99
1850-1859     70-74     0.05835  0.25603  2.61   32249    8257  141510   325261  10.09
1850-1859     75-79     0.09286  0.37644  2.49   23992    9032   97255   183752   7.66
1850-1859     80-84     0.13874  0.51032  2.41   14961    7635   55031    86496   5.78
1850-1859     85-89     0.20622  0.65617  2.23    7326    4807   23310    31465   4.30
1850-1859     90-94     0.28710  0.77870  2.06    2519    1961    6832     8155   3.24
1850-1859     95-99     0.40866  0.88914  1.82     557     496    1213     1323   2.37
1850-1859    100-104    0.55177  0.95192  1.56      62      59     107      111   1.79
1850-1859    105-109    0.76322  0.98961  1.26       3       3       4        4   1.31
1850-1859    110+       0.67416  1.00000  1.48       0       0       0        0   1.48
1860-1869        0      0.15274  0.13895  0.35  100000   13895   90968  4739345  47.39
1860-1869      1-4      0.03477  0.12738  1.36   86105   10968  315421  4648376  53.98
1860-1869      5-9      0.00698  0.03417  1.97   75137    2567  367902  4332955  57.67
1860-1869     10-14     0.00357  0.01769  2.53   72570    1284  359681  3965053  54.64
1860-1869     15-19     0.00469  0.02319  2.60   71286    1653  352465  3605371  50.58
1860-1869     20-24     0.00550  0.02714  2.53   69633    1890  343492  3252906  46.72
1860-1869     25-29     0.00591  0.02913  2.52   67743    1973  333829  2909414  42.95
1860-1869     30-34     0.00657  0.03231  2.53   65769    2125  323603  2575585  39.16
1860-1869     35-39     0.00748  0.03671  2.54   63645    2337  312476  2251982  35.38
1860-1869     40-44     0.00821  0.04023  2.52   61308    2466  300429  1939506  31.64
1860-1869     45-49     0.00976  0.04769  2.59   58842    2806  287456  1639077  27.86
1860-1869     50-54     0.01241  0.06027  2.58   56035    3377  272021  1351620  24.12
1860-1869     55-59     0.01541  0.07431  2.61   52658    3913  253934  1079599  20.50
1860-1869     60-64     0.02221  0.10558  2.66   48745    5147  231684   825666  16.94
1860-1869     65-69     0.03397  0.15706  2.60   43599    6847  201569   593982  13.62
1860-1869     70-74     0.05371  0.23783  2.59   36751    8740  162725   392413  10.68
1860-1869     75-79     0.08247  0.34197  2.51   28011    9579  116158   229688   8.20
1860-1869     80-84     0.12424  0.47249  2.47   18432    8709   70094   113530   6.16
1860-1869     85-89     0.19566  0.63741  2.27    9723    6198   31676    43436   4.47
1860-1869     90-94     0.27917  0.76991  2.09    3526    2714    9723    11760   3.34
1860-1869     95-99     0.38488  0.86847  1.84     811     704    1830     2037   2.51
1860-1869    100-104    0.50480  0.93264  1.62     107     100     197      207   1.94
1860-1869    105-109    0.73615  0.98479  1.28       7       7      10       10   1.36
1860-1869    110+       0.80699  1.00000  1.24       0       0       0        0   1.24
1870-1879        0      0.14786  0.13490  0.35  100000   13490   91232  5090698  50.91
1870-1879      1-4      0.02930  0.10870  1.33   86510    9404  320900  4999466  57.79
1870-1879      5-9      0.00572  0.02810  1.97   77107    2167  378979  4678566  60.68
1870-1879     10-14     0.00300  0.01488  2.53   74940    1115  371944  4299587  57.37
1870-1879     15-19     0.00384  0.01900  2.59   73825    1403  365744  3927643  53.20
1870-1879     20-24     0.00432  0.02137  2.51   72422    1548  358263  3561898  49.18
1870-1879     25-29     0.00460  0.02275  2.53   70874    1613  350391  3203635  45.20
1870-1879     30-34     0.00503  0.02483  2.53   69262    1720  342059  2853244  41.20
1870-1879     35-39     0.00587  0.02893  2.60   67542    1954  333022  2511186  37.18
1870-1879     40-44     0.00677  0.03331  2.53   65588    2184  322534  2178164  33.21
1870-1879     45-49     0.00782  0.03839  2.58   63404    2434  311131  1855629  29.27
1870-1879     50-54     0.01005  0.04908  2.62   60969    2992  297736  1544498  25.33
1870-1879     55-59     0.01375  0.06658  2.65   57977    3860  280801  1246761  21.50
1870-1879     60-64     0.02025  0.09664  2.65   54117    5230  258289   965961  17.85
1870-1879     65-69     0.02948  0.13769  2.61   48887    6731  228322   707672  14.48
1870-1879     70-74     0.04586  0.20682  2.63   42156    8718  190123   479350  11.37
1870-1879     75-79     0.07504  0.31702  2.55   33437   10600  141253   289227   8.65
1870-1879     80-84     0.11695  0.45116  2.47   22837   10303   88101   147974   6.48
1870-1879     85-89     0.17956  0.60372  2.29   12534    7567   42141    59873   4.78
1870-1879     90-94     0.25623  0.73850  2.13    4967    3668   14315    17732   3.57
1870-1879     95-99     0.36499  0.85479  1.89    1299    1110    3042     3416   2.63
1870-1879    100-104    0.49302  0.92858  1.64     189     175     355      375   1.99
1870-1879    105-109    0.68588  0.98474  1.38      13      13      19       20   1.45
1870-1879    110+       1.17633  1.00000  0.85       0       0       0        0   0.85
1880-1889        0      0.13937  0.12779  0.35  100000   12779   91693  5409240  54.09
1880-1889      1-4      0.02562  0.09581  1.28   87221    8356  326143  5317547  60.97
1880-1889      5-9      0.00469  0.02311  2.00   78864    1823  388850  4991404  63.29
1880-1889     10-14     0.00246  0.01221  2.51   77041     940  382865  4602554  59.74
1880-1889     15-19     0.00304  0.01510  2.59   76101    1149  377736  4219689  55.45
1880-1889     20-24     0.00342  0.01694  2.52   74952    1269  371619  3841953  51.26
1880-1889     25-29     0.00396  0.01963  2.64   73683    1446  364995  3470334  47.10
1880-1889     30-34     0.00488  0.02413  2.50   72237    1743  356823  3105339  42.99
1880-1889     35-39     0.00500  0.02467  2.49   70494    1739  348101  2748516  38.99
1880-1889     40-44     0.00524  0.02589  2.55   68754    1780  339414  2400415  34.91
1880-1889     45-49     0.00667  0.03282  2.62   66974    2198  329640  2061001  30.77
1880-1889     50-54     0.00883  0.04325  2.61   64776    2801  317188  1731362  26.73
1880-1889     55-59     0.01152  0.05605  2.63   61975    3474  301657  1414174  22.82
1880-1889     60-64     0.01626  0.07828  2.64   58501    4580  281717  1112517  19.02
1880-1889     65-69     0.02502  0.11818  2.66   53922    6373  254687   830800  15.41
1880-1889     70-74     0.04064  0.18544  2.65   47549    8818  216980   576112  12.12
1880-1889     75-79     0.06616  0.28478  2.56   38731   11030  166709   359132   9.27
1880-1889     80-84     0.10448  0.41358  2.48   27702   11457  109655   192423   6.95
1880-1889     85-89     0.16315  0.56884  2.34   16245    9241   56640    82768   5.10
1880-1889     90-94     0.24439  0.72096  2.16    7004    5050   20662    26129   3.73
1880-1889     95-99     0.34054  0.83136  1.92    1954    1625    4771     5466   2.80
1880-1889    100-104    0.46424  0.91597  1.70     330     302     650      695   2.11
1880-1889    105-109    0.61757  0.97009  1.47      28      27      44       45   1.61
1880-1889    110+       0.68672  1.00000  1.46       1       1       1        1   1.46
1890-1899        0      0.15211  0.13842  0.35  100000   13842   91003  5556452  55.56
1890-1899      1-4      0.02295  0.08633  1.24   86158    7438  324134  5465450  63.44
1890-1899      5-9      0.00398  0.01964  2.01   78720    1546  388975  5141316  65.31
1890-1899     10-14     0.00214  0.01064  2.53   77174     821  383842  4752341  61.58
1890-1899     15-19     0.00288  0.01429  2.66   76353    1091  379217  4368498  57.21
1890-1899     20-24     0.00384  0.01905  2.56   75262    1433  372811  3989281  53.01
1890-1899     25-29     0.00412  0.02039  2.42   73829    1505  365257  3616470  48.98
1890-1899     30-34     0.00353  0.01751  2.51   72323    1267  358465  3251213  44.95
1890-1899     35-39     0.00387  0.01917  2.55   71057    1362  351943  2892748  40.71
1890-1899     40-44     0.00440  0.02177  2.55   69695    1517  344755  2540806  36.46
1890-1899     45-49     0.00547  0.02701  2.60   68178    1841  336476  2196051  32.21
1890-1899     50-54     0.00685  0.03368  2.59   66337    2234  326304  1859575  28.03
1890-1899     55-59     0.00927  0.04539  2.65   64102    2909  313676  1533271  23.92
1890-1899     60-64     0.01404  0.06796  2.67   61193    4158  296267  1219595  19.93
1890-1899     65-69     0.02229  0.10594  2.66   57035    6042  271023   923328  16.19
1890-1899     70-74     0.03668  0.16876  2.64   50992    8605  234621   652306  12.79
1890-1899     75-79     0.05954  0.26009  2.57   42387   11025  185177   417684   9.85
1890-1899     80-84     0.09535  0.38496  2.50   31362   12073  126615   232507   7.41
1890-1899     85-89     0.14713  0.53020  2.37   19289   10227   69510   105893   5.49
1890-1899     90-94     0.22067  0.68316  2.21    9062    6191   28054    36383   4.01
1890-1899     95-99     0.32477  0.82060  1.99    2871    2356    7255     8329   2.90
1890-1899    100-104    0.46945  0.92188  1.71     515     475    1012     1074   2.08
1890-1899    105-109    0.64088  0.97688  1.44      40      39      61       62   1.55
1890-1899    110+       1.05895  1.00000  0.94       1       1       1        1   0.94
1900-1909        0      0.12653  0.11692  0.35  100000   11692   92400  6015515  60.16
1900-1909      1-4      0.01710  0.06531  1.25   88308    5768  337347  5923115  67.07
1900-1909      5-9      0.00341  0.01688  2.08   82541    1393  408636  5585768  67.67
1900-1909     10-14     0.00230  0.01141  2.57   81147     926  403486  5177132  63.80
1900-1909     15-19     0.00292  0.01448  2.50   80221    1161  398200  4773646  59.51
1900-1909     20-24     0.00296  0.01469  2.53   79060    1161  392426  4375446  55.34
1900-1909     25-29     0.00299  0.01482  2.49   77899    1155  386597  3983020  51.13
1900-1909     30-34     0.00286  0.01420  2.49   76744    1089  380988  3596424  46.86
1900-1909     35-39     0.00293  0.01454  2.51   75654    1100  375535  3215436  42.50
1900-1909     40-44     0.00312  0.01548  2.55   74554    1154  369948  2839901  38.09
1900-1909     45-49     0.00401  0.01987  2.63   73400    1459  363545  2469953  33.65
1900-1909     50-54     0.00556  0.02744  2.64   71941    1974  355049  2106408  29.28
1900-1909     55-59     0.00814  0.03996  2.67   69967    2796  343316  1751359  25.03
1900-1909     60-64     0.01278  0.06205  2.66   67171    4168  326098  1408044  20.96
1900-1909     65-69     0.02027  0.09674  2.65   63003    6095  300695  1081946  17.17
1900-1909     70-74     0.03233  0.15015  2.63   56909    8545  264270   781251  13.73
1900-1909     75-79     0.05113  0.22746  2.58   48364   11001  215166   516981  10.69
1900-1909     80-84     0.08128  0.33825  2.52   37363   12638  155480   301815   8.08
1900-1909     85-89     0.12905  0.48440  2.43   24725   11977   92808   146335   5.92
1900-1909     90-94     0.20724  0.66159  2.27   12748    8434   40696    53527   4.20
1900-1909     95-99     0.31612  0.81145  2.00    4314    3501   11074    12831   2.97
1900-1909    100-104    0.45140  0.91211  1.73     813     742    1644     1757   2.16
1900-1909    105-109    0.62154  0.97248  1.47      71      70     112      114   1.59
1900-1909    110+       1.12316  1.00000  0.89       2       2       2        2   0.89
1910-1918        0      0.09774  0.09170  0.33  100000    9170   93825  6414571  64.15
1910-1918      1-4      0.01499  0.05765  1.30   90830    5236  349202  6320746  69.59
1910-1918      5-9      0.00312  0.01543  1.97   85594    1321  423968  5971544  69.77
1910-1918     10-14     0.00159  0.00790  2.56   84273     665  419738  5547576  65.83
1910-1918     15-19     0.00225  0.01118  2.61   83607     935  415803  5127838  61.33
1910-1918     20-24     0.00256  0.01271  2.51   82672    1051  410742  4712035  57.00
1910-1918     25-29     0.00243  0.01206  2.45   81622     984  405600  4301294  52.70
1910-1918     30-34     0.00205  0.01021  2.40   80638     823  401051  3895693  48.31
1910-1918     35-39     0.00187  0.00930  2.52   79814     743  397226  3494642  43.78
1910-1918     40-44     0.00231  0.01151  2.63   79072     910  393206  3097416  39.17
1910-1918     45-49     0.00348  0.01727  2.67   78162    1350  387659  2704209  34.60
1910-1918     50-54     0.00528  0.02609  2.66   76812    2004  379362  2316550  30.16
1910-1918     55-59     0.00796  0.03905  2.66   74808    2922  367192  1937188  25.90
1910-1918     60-64     0.01219  0.05925  2.65   71887    4259  349409  1569996  21.84
1910-1918     65-69     0.01857  0.08893  2.63   67628    6014  323893  1220587  18.05
1910-1918     70-74     0.02887  0.13508  2.62   61613    8323  288253   896694  14.55
1910-1918     75-79     0.04484  0.20233  2.59   53291   10782  240477   608441  11.42
1910-1918     80-84     0.07192  0.30569  2.55   42508   12994  180688   367965   8.66
1910-1918     85-89     0.11640  0.44882  2.45   29514   13246  113803   187277   6.35
1910-1918     90-94     0.18634  0.62119  2.32   16268   10105   54229    73474   4.52
1910-1918     95-99     0.29701  0.79332  2.06    6162    4889   16460    19245   3.12
1910-1918    100-104    0.44508  0.90989  1.75    1274    1159    2604     2785   2.19
1910-1918    105-109    0.62464  0.97270  1.46     115     112     179      182   1.58
1910-1918    110+       1.12316  1.00000  0.89       3       3       3        3   0.89
