England and Wales, Total Population, Life tables (cohort 1x10), Males     Last modified: 03-Nov-2010, MPv5 (May07)

  Year          Age         mx       qx    ax      lx      dx      Lx       Tx     ex
1841-1849        0     0.18972  0.16833  0.33  100000   16833   88722  3973023  39.73
1841-1849        1     0.06795  0.06560  0.47   83167    5456   80297  3884301  46.70
1841-1849        2     0.03682  0.03615  0.50   77711    2809   76300  3804004  48.95
1841-1849        3     0.02461  0.02431  0.50   74902    1821   73985  3727704  49.77
1841-1849        4     0.01865  0.01848  0.50   73081    1350   72403  3653719  50.00
1841-1849        5     0.01451  0.01441  0.50   71731    1033   71214  3581316  49.93
1841-1849        6     0.01115  0.01109  0.50   70697     784   70302  3510102  49.65
1841-1849        7     0.00834  0.00830  0.50   69913     580   69621  3439800  49.20
1841-1849        8     0.00647  0.00645  0.50   69333     447   69109  3370179  48.61
1841-1849        9     0.00544  0.00543  0.50   68886     374   68699  3301070  47.92
1841-1849       10     0.00500  0.00499  0.50   68512     342   68342  3232371  47.18
1841-1849       11     0.00474  0.00472  0.50   68170     322   68010  3164030  46.41
1841-1849       12     0.00467  0.00466  0.50   67848     316   67691  3096020  45.63
1841-1849       13     0.00478  0.00477  0.50   67532     322   67372  3028329  44.84
1841-1849       14     0.00505  0.00503  0.50   67210     338   67042  2960958  44.06
1841-1849       15     0.00547  0.00546  0.51   66872     365   66691  2893916  43.28
1841-1849       16     0.00596  0.00594  0.51   66507     395   66312  2827225  42.51
1841-1849       17     0.00643  0.00641  0.50   66112     424   65902  2760913  41.76
1841-1849       18     0.00689  0.00687  0.51   65688     451   65465  2695011  41.03
1841-1849       19     0.00737  0.00734  0.51   65237     479   65000  2629546  40.31
1841-1849       20     0.00783  0.00780  0.50   64758     505   64505  2564545  39.60
1841-1849       21     0.00831  0.00828  0.50   64253     532   63987  2500040  38.91
1841-1849       22     0.00876  0.00873  0.50   63721     556   63443  2436053  38.23
1841-1849       23     0.00900  0.00896  0.50   63165     566   62881  2372610  37.56
1841-1849       24     0.00905  0.00901  0.50   62599     564   62316  2309730  36.90
1841-1849       25     0.00904  0.00900  0.50   62035     558   61754  2247414  36.23
1841-1849       26     0.00908  0.00904  0.50   61477     556   61197  2185660  35.55
1841-1849       27     0.00921  0.00917  0.50   60921     559   60640  2124463  34.87
1841-1849       28     0.00935  0.00931  0.50   60363     562   60080  2063823  34.19
1841-1849       29     0.00947  0.00942  0.50   59801     564   59517  2003743  33.51
1841-1849       30     0.00950  0.00946  0.50   59237     560   58955  1944226  32.82
1841-1849       31     0.00958  0.00954  0.50   58677     560   58396  1885271  32.13
1841-1849       32     0.00984  0.00980  0.50   58118     569   57832  1826875  31.43
1841-1849       33     0.01020  0.01015  0.50   57548     584   57255  1769043  30.74
1841-1849       34     0.01056  0.01050  0.50   56964     598   56664  1711788  30.05
1841-1849       35     0.01094  0.01088  0.50   56366     613   56061  1655124  29.36
1841-1849       36     0.01131  0.01125  0.50   55753     627   55440  1599064  28.68
1841-1849       37     0.01167  0.01160  0.50   55126     639   54807  1543623  28.00
1841-1849       38     0.01202  0.01194  0.50   54487     651   54162  1488816  27.32
1841-1849       39     0.01237  0.01230  0.50   53836     662   53506  1434655  26.65
1841-1849       40     0.01285  0.01276  0.50   53174     679   52837  1381149  25.97
1841-1849       41     0.01349  0.01340  0.50   52495     704   52147  1328312  25.30
1841-1849       42     0.01414  0.01405  0.50   51791     727   51430  1276165  24.64
1841-1849       43     0.01478  0.01467  0.50   51064     749   50693  1224735  23.98
1841-1849       44     0.01537  0.01526  0.50   50315     768   49933  1174042  23.33
1841-1849       45     0.01594  0.01581  0.50   49547     784   49159  1124109  22.69
1841-1849       46     0.01657  0.01643  0.50   48763     801   48366  1074950  22.04
1841-1849       47     0.01726  0.01711  0.50   47962     821   47555  1026584  21.40
1841-1849       48     0.01803  0.01787  0.50   47141     842   46724   979028  20.77
1841-1849       49     0.01877  0.01860  0.50   46299     861   45872   932304  20.14
1841-1849       50     0.01947  0.01928  0.50   45438     876   45004   886432  19.51
1841-1849       51     0.02030  0.02010  0.50   44562     896   44118   841428  18.88
1841-1849       52     0.02134  0.02112  0.50   43666     922   43209   797310  18.26
1841-1849       53     0.02259  0.02234  0.51   42744     955   42272   754100  17.64
1841-1849       54     0.02395  0.02367  0.50   41789     989   41299   711829  17.03
1841-1849       55     0.02536  0.02505  0.51   40800    1022   40295   670529  16.43
1841-1849       56     0.02695  0.02660  0.50   39778    1058   39255   630235  15.84
1841-1849       57     0.02868  0.02828  0.50   38720    1095   38178   590980  15.26
1841-1849       58     0.03045  0.02999  0.50   37625    1129   37066   552802  14.69
1841-1849       59     0.03202  0.03151  0.50   36497    1150   35926   515736  14.13
1841-1849       60     0.03379  0.03324  0.50   35347    1175   34765   479811  13.57
1841-1849       61     0.03528  0.03467  0.50   34172    1185   33584   445046  13.02
1841-1849       62     0.03782  0.03713  0.51   32987    1225   32381   411462  12.47
1841-1849       63     0.04033  0.03954  0.50   31762    1256   31140   379081  11.93
1841-1849       64     0.04319  0.04229  0.51   30506    1290   29868   347940  11.41
1841-1849       65     0.04762  0.04652  0.51   29216    1359   28546   318072  10.89
1841-1849       66     0.04745  0.04636  0.51   27857    1292   27218   289526  10.39
1841-1849       67     0.05065  0.04941  0.51   26565    1313   25916   262308   9.87
1841-1849       68     0.05717  0.05559  0.50   25253    1404   24557   236391   9.36
1841-1849       69     0.06426  0.06227  0.50   23849    1485   23111   211834   8.88
1841-1849       70     0.06985  0.06750  0.50   22364    1510   21614   188723   8.44
1841-1849       71     0.06856  0.06630  0.50   20854    1383   20167   167109   8.01
1841-1849       72     0.08449  0.08110  0.50   19471    1579   18689   146943   7.55
1841-1849       73     0.08935  0.08555  0.50   17892    1531   17132   128254   7.17
1841-1849       74     0.09733  0.09284  0.50   16362    1519   15607   111122   6.79
1841-1849       75     0.10375  0.09868  0.50   14843    1465   14117    95515   6.44
1841-1849       76     0.11137  0.10554  0.50   13378    1412   12678    81398   6.08
1841-1849       77     0.11734  0.11092  0.51   11966    1327   11311    68720   5.74
1841-1849       78     0.12955  0.12177  0.51   10639    1295   10000    57409   5.40
1841-1849       79     0.14232  0.13302  0.51    9343    1243    8733    47409   5.07
1841-1849       80     0.15234  0.14167  0.51    8101    1148    7534    38677   4.77
1841-1849       81     0.15821  0.14674  0.51    6953    1020    6449    31143   4.48
1841-1849       82     0.18508  0.16959  0.51    5933    1006    5436    24694   4.16
1841-1849       83     0.20007  0.18208  0.51    4927     897    4484    19258   3.91
1841-1849       84     0.22383  0.20151  0.51    4030     812    3628    14774   3.67
1841-1849       85     0.23754  0.21251  0.50    3218     684    2879    11147   3.46
1841-1849       86     0.26177  0.23164  0.50    2534     587    2242     8268   3.26
1841-1849       87     0.27905  0.24513  0.50    1947     477    1710     6026   3.10
1841-1849       88     0.29053  0.25384  0.50    1470     373    1284     4316   2.94
1841-1849       89     0.31823  0.27492  0.51    1097     301     947     3032   2.76
1841-1849       90     0.34092  0.29142  0.50     795     232     680     2084   2.62
1841-1849       91     0.34916  0.29727  0.50     563     167     480     1405   2.49
1841-1849       92     0.37734  0.31747  0.50     396     126     333      925   2.34
1841-1849       93     0.40709  0.33847  0.50     270      91     225      592   2.19
1841-1849       94     0.45367  0.36971  0.50     179      66     146      367   2.05
1841-1849       95     0.46384  0.37618  0.50     113      42      91      221   1.97
1841-1849       96     0.51072  0.40637  0.50      70      29      56      130   1.85
1841-1849       97     0.54270  0.42624  0.50      42      18      33       74   1.78
1841-1849       98     0.55903  0.43539  0.49      24      10      19       41   1.73
1841-1849       99     0.62296  0.47437  0.50      14       6      10       23   1.68
1841-1849      100     0.43568  0.35615  0.49       7       3       6       12   1.75
1841-1849      101     0.62822  0.47594  0.49       5       2       3        7   1.45
1841-1849      102     0.76773  0.55161  0.49       2       1       2        3   1.33
1841-1849      103     0.53674  0.41903  0.48       1       0       1        1   1.36
1841-1849      104     0.84250  0.59062  0.49       1       0       0        1   0.99
1841-1849      105     1.25733  0.76336  0.49       0       0       0        0   0.71
1841-1849      106     2.31343  1.00000  0.43       0       0       0        0   0.43
1841-1849      107           .        .     .       0       0       0        0      .
1841-1849      108           .        .     .       0       0       0        0      .
1841-1849      109           .        .     .       0       0       0        0      .
1841-1849      110+          .        .     .       0       0       0        0      .
1850-1859        0     0.19036  0.16883  0.33  100000   16883   88688  4130156  41.30
1850-1859        1     0.06747  0.06516  0.48   83117    5416   80274  4041468  48.62
1850-1859        2     0.03533  0.03471  0.50   77701    2697   76346  3961194  50.98
1850-1859        3     0.02396  0.02367  0.50   75004    1776   74116  3884848  51.80
1850-1859        4     0.01785  0.01769  0.50   73228    1296   72578  3810731  52.04
1850-1859        5     0.01341  0.01332  0.50   71933     958   71452  3738153  51.97
1850-1859        6     0.01030  0.01024  0.50   70975     727   70611  3666701  51.66
1850-1859        7     0.00787  0.00784  0.50   70248     551   69971  3596090  51.19
1850-1859        8     0.00601  0.00599  0.50   69697     418   69486  3526119  50.59
1850-1859        9     0.00490  0.00489  0.50   69279     339   69109  3456632  49.89
1850-1859       10     0.00454  0.00453  0.50   68940     312   68786  3387523  49.14
1850-1859       11     0.00441  0.00440  0.50   68628     302   68478  3318738  48.36
1850-1859       12     0.00436  0.00435  0.50   68326     297   68178  3250260  47.57
1850-1859       13     0.00439  0.00438  0.50   68029     298   67880  3182081  46.78
1850-1859       14     0.00458  0.00457  0.50   67731     310   67576  3114201  45.98
1850-1859       15     0.00494  0.00493  0.51   67421     332   67257  3046625  45.19
1850-1859       16     0.00534  0.00533  0.50   67089     357   66912  2979368  44.41
1850-1859       17     0.00571  0.00570  0.50   66731     380   66543  2912457  43.64
1850-1859       18     0.00608  0.00606  0.50   66351     402   66152  2845914  42.89
1850-1859       19     0.00644  0.00642  0.50   65949     423   65739  2779762  42.15
1850-1859       20     0.00675  0.00672  0.50   65525     441   65304  2714023  41.42
1850-1859       21     0.00692  0.00690  0.50   65085     449   64859  2648719  40.70
1850-1859       22     0.00697  0.00694  0.50   64636     449   64410  2583860  39.98
1850-1859       23     0.00704  0.00702  0.50   64187     450   63961  2519451  39.25
1850-1859       24     0.00713  0.00710  0.50   63737     453   63509  2455490  38.53
1850-1859       25     0.00716  0.00713  0.50   63284     452   63056  2391980  37.80
1850-1859       26     0.00721  0.00719  0.50   62833     452   62605  2328924  37.07
1850-1859       27     0.00730  0.00727  0.50   62381     454   62152  2266319  36.33
1850-1859       28     0.00743  0.00740  0.50   61928     458   61696  2204167  35.59
1850-1859       29     0.00759  0.00756  0.50   61469     465   61235  2142470  34.85
1850-1859       30     0.00785  0.00782  0.50   61004     477   60766  2081236  34.12
1850-1859       31     0.00822  0.00818  0.50   60528     495   60279  2020470  33.38
1850-1859       32     0.00855  0.00852  0.50   60032     511   59776  1960191  32.65
1850-1859       33     0.00892  0.00888  0.50   59521     528   59256  1900415  31.93
1850-1859       34     0.00929  0.00924  0.50   58993     545   58719  1841159  31.21
1850-1859       35     0.00964  0.00960  0.50   58447     561   58167  1782441  30.50
1850-1859       36     0.01001  0.00996  0.50   57886     576   57599  1724273  29.79
1850-1859       37     0.01042  0.01037  0.50   57310     594   57014  1666675  29.08
1850-1859       38     0.01090  0.01084  0.50   56716     615   56410  1609661  28.38
1850-1859       39     0.01146  0.01140  0.50   56101     640   55783  1553251  27.69
1850-1859       40     0.01201  0.01194  0.50   55462     662   55133  1497468  27.00
1850-1859       41     0.01239  0.01232  0.50   54800     675   54464  1442335  26.32
1850-1859       42     0.01280  0.01272  0.50   54125     689   53783  1387871  25.64
1850-1859       43     0.01320  0.01312  0.50   53436     701   53087  1334089  24.97
1850-1859       44     0.01366  0.01357  0.50   52735     716   52380  1281001  24.29
1850-1859       45     0.01418  0.01409  0.50   52020     733   51656  1228621  23.62
1850-1859       46     0.01470  0.01460  0.50   51287     749   50916  1176965  22.95
1850-1859       47     0.01530  0.01519  0.50   50538     768   50158  1126049  22.28
1850-1859       48     0.01602  0.01589  0.50   49771     791   49378  1075892  21.62
1850-1859       49     0.01673  0.01660  0.50   48980     813   48576  1026513  20.96
1850-1859       50     0.01737  0.01722  0.50   48167     829   47754   977937  20.30
1850-1859       51     0.01768  0.01752  0.50   47337     830   46925   930183  19.65
1850-1859       52     0.01890  0.01873  0.50   46508     871   46076   883258  18.99
1850-1859       53     0.01955  0.01936  0.50   45637     883   45199   837183  18.34
1850-1859       54     0.02110  0.02088  0.50   44753     935   44290   791984  17.70
1850-1859       55     0.02162  0.02139  0.50   43819     937   43354   747693  17.06
1850-1859       56     0.02380  0.02352  0.50   42881    1008   42381   704339  16.43
1850-1859       57     0.02438  0.02409  0.50   41873    1009   41372   661958  15.81
1850-1859       58     0.02702  0.02666  0.50   40864    1089   40323   620585  15.19
1850-1859       59     0.02913  0.02872  0.50   39775    1142   39206   580262  14.59
1850-1859       60     0.03169  0.03120  0.50   38633    1205   38033   541057  14.01
1850-1859       61     0.03009  0.02964  0.50   37427    1110   36875   503024  13.44
1850-1859       62     0.03613  0.03549  0.50   36318    1289   35677   466148  12.84
1850-1859       63     0.03762  0.03693  0.50   35029    1294   34385   430471  12.29
1850-1859       64     0.04055  0.03975  0.50   33735    1341   33069   396086  11.74
1850-1859       65     0.04422  0.04327  0.50   32394    1402   31697   363017  11.21
1850-1859       66     0.04275  0.04186  0.50   30993    1297   30348   331320  10.69
1850-1859       67     0.04720  0.04612  0.50   29696    1370   29015   300972  10.14
1850-1859       68     0.05411  0.05270  0.50   28326    1493   27585   271957   9.60
1850-1859       69     0.05879  0.05713  0.51   26833    1533   26076   244372   9.11
1850-1859       70     0.06283  0.06093  0.51   25300    1542   24538   218296   8.63
1850-1859       71     0.06401  0.06205  0.51   23759    1474   23031   193758   8.16
1850-1859       72     0.07748  0.07462  0.51   22284    1663   21462   170726   7.66
1850-1859       73     0.08466  0.08126  0.51   20622    1676   19794   149264   7.24
1850-1859       74     0.09351  0.08938  0.51   18946    1693   18108   129470   6.83
1850-1859       75     0.10054  0.09578  0.51   17252    1653   16437   111362   6.45
1850-1859       76     0.11162  0.10580  0.51   15600    1650   14786    94925   6.08
1850-1859       77     0.11970  0.11303  0.51   13949    1577   13172    80139   5.74
1850-1859       78     0.13394  0.12563  0.51   12373    1554   11605    66967   5.41
1850-1859       79     0.14447  0.13484  0.51   10818    1459   10098    55362   5.12
1850-1859       80     0.15217  0.14156  0.51    9360    1325    8707    45264   4.84
1850-1859       81     0.16068  0.14886  0.51    8035    1196    7444    36557   4.55
1850-1859       82     0.18229  0.16720  0.50    6839    1143    6273    29113   4.26
1850-1859       83     0.19683  0.17937  0.51    5695    1022    5190    22841   4.01
1850-1859       84     0.21881  0.19744  0.51    4674     923    4217    17651   3.78
1850-1859       85     0.22863  0.20533  0.50    3751     770    3368    13434   3.58
1850-1859       86     0.25221  0.22416  0.50    2981     668    2649    10065   3.38
1850-1859       87     0.27041  0.23851  0.51    2313     552    2040     7416   3.21
1850-1859       88     0.27569  0.24249  0.50    1761     427    1549     5376   3.05
1850-1859       89     0.30668  0.26625  0.50    1334     355    1158     3827   2.87
1850-1859       90     0.31805  0.27459  0.50     979     269     845     2669   2.73
1850-1859       91     0.33494  0.28719  0.50     710     204     609     1824   2.57
1850-1859       92     0.36376  0.30806  0.50     506     156     429     1215   2.40
1850-1859       93     0.39191  0.32771  0.50     350     115     293      787   2.25
1850-1859       94     0.43240  0.35576  0.50     235      84     194      494   2.10
1850-1859       95     0.46966  0.38002  0.50     152      58     123      300   1.98
1850-1859       96     0.49592  0.39694  0.50      94      37      75      177   1.89
1850-1859       97     0.50744  0.40429  0.50      57      23      45      102   1.80
1850-1859       98     0.55724  0.43584  0.50      34      15      26       57   1.68
1850-1859       99     0.64554  0.48669  0.49      19       9      14       30   1.60
1850-1859      100     0.58534  0.45008  0.49      10       4       8       16   1.64
1850-1859      101     0.50339  0.40085  0.49       5       2       4        9   1.59
1850-1859      102     0.74053  0.53469  0.48       3       2       2        4   1.32
1850-1859      103     0.75114  0.54199  0.49       1       1       1        2   1.28
1850-1859      104     1.06866  0.69080  0.49       1       0       0        1   1.22
1850-1859      105     0.46196  0.36850  0.45       0       0       0        0   1.87
1850-1859      106     1.16532  0.76888  0.56       0       0       0        0   1.70
1850-1859      107     0.00000  0.00000  0.50       0       0       0        0   4.48
1850-1859      108     0.00000  0.00000  0.50       0       0       0        0   3.48
1850-1859      109     0.00000  0.00000  0.50       0       0       0        0   2.48
1850-1859      110+    0.67416  1.00000  1.48       0       0       0        0   1.48
1860-1869        0     0.18927  0.16797  0.33  100000   16797   88746  4342097  43.42
1860-1869        1     0.06887  0.06646  0.47   83203    5530   80290  4253351  51.12
1860-1869        2     0.03395  0.03338  0.50   77674    2592   76366  4173060  53.73
1860-1869        3     0.02191  0.02167  0.49   75081    1627   74256  4096695  54.56
1860-1869        4     0.01553  0.01541  0.50   73454    1132   72883  4022439  54.76
1860-1869        5     0.01157  0.01151  0.50   72322     832   71905  3949556  54.61
1860-1869        6     0.00896  0.00892  0.50   71490     637   71170  3877651  54.24
1860-1869        7     0.00686  0.00683  0.50   70853     484   70610  3806481  53.72
1860-1869        8     0.00532  0.00530  0.50   70368     373   70181  3735871  53.09
1860-1869        9     0.00433  0.00432  0.50   69995     302   69843  3665690  52.37
1860-1869       10     0.00382  0.00382  0.50   69693     266   69560  3595846  51.60
1860-1869       11     0.00354  0.00354  0.50   69427     245   69305  3526286  50.79
1860-1869       12     0.00343  0.00343  0.50   69182     237   69064  3456981  49.97
1860-1869       13     0.00349  0.00349  0.50   68945     241   68825  3387918  49.14
1860-1869       14     0.00371  0.00370  0.50   68704     254   68578  3319093  48.31
1860-1869       15     0.00403  0.00402  0.50   68450     275   68313  3250515  47.49
1860-1869       16     0.00435  0.00434  0.50   68175     296   68028  3182202  46.68
1860-1869       17     0.00466  0.00465  0.51   67879     316   67723  3114174  45.88
1860-1869       18     0.00493  0.00492  0.50   67563     333   67398  3046451  45.09
1860-1869       19     0.00514  0.00512  0.50   67231     344   67060  2979053  44.31
1860-1869       20     0.00530  0.00528  0.50   66886     353   66709  2911993  43.54
1860-1869       21     0.00547  0.00546  0.50   66533     363   66351  2845284  42.77
1860-1869       22     0.00563  0.00561  0.50   66170     372   65983  2778933  42.00
1860-1869       23     0.00576  0.00575  0.50   65798     378   65608  2712950  41.23
1860-1869       24     0.00588  0.00586  0.50   65420     383   65227  2647342  40.47
1860-1869       25     0.00599  0.00597  0.50   65037     388   64841  2582115  39.70
1860-1869       26     0.00610  0.00608  0.50   64648     393   64450  2517274  38.94
1860-1869       27     0.00625  0.00623  0.50   64255     400   64053  2452824  38.17
1860-1869       28     0.00644  0.00642  0.50   63855     410   63648  2388770  37.41
1860-1869       29     0.00668  0.00665  0.50   63445     422   63233  2325122  36.65
1860-1869       30     0.00691  0.00688  0.50   63023     434   62805  2261889  35.89
1860-1869       31     0.00709  0.00706  0.50   62589     442   62367  2199084  35.14
1860-1869       32     0.00734  0.00732  0.50   62147     455   61919  2136717  34.38
1860-1869       33     0.00761  0.00758  0.50   61692     467   61457  2074799  33.63
1860-1869       34     0.00793  0.00790  0.50   61225     483   60982  2013341  32.88
1860-1869       35     0.00830  0.00827  0.50   60741     502   60491  1952359  32.14
1860-1869       36     0.00864  0.00860  0.50   60239     518   59981  1891868  31.41
1860-1869       37     0.00899  0.00895  0.50   59721     535   59454  1831887  30.67
1860-1869       38     0.00934  0.00929  0.50   59186     550   58912  1772433  29.95
1860-1869       39     0.00961  0.00956  0.50   58636     561   58356  1713521  29.22
1860-1869       40     0.00980  0.00976  0.50   58076     567   57793  1655165  28.50
1860-1869       41     0.00975  0.00971  0.50   57509     558   57231  1597371  27.78
1860-1869       42     0.01028  0.01023  0.50   56951     582   56661  1540141  27.04
1860-1869       43     0.01035  0.01030  0.50   56368     580   56079  1483480  26.32
1860-1869       44     0.01070  0.01064  0.50   55788     594   55493  1427400  25.59
1860-1869       45     0.01170  0.01164  0.51   55194     642   54877  1371907  24.86
1860-1869       46     0.01174  0.01168  0.50   54552     637   54236  1317030  24.14
1860-1869       47     0.01238  0.01231  0.50   53915     663   53586  1262794  23.42
1860-1869       48     0.01347  0.01338  0.50   53252     713   52899  1209208  22.71
1860-1869       49     0.01462  0.01452  0.50   52539     763   52159  1156309  22.01
1860-1869       50     0.01584  0.01571  0.50   51776     814   51371  1104150  21.33
1860-1869       51     0.01430  0.01420  0.50   50963     724   50602  1052779  20.66
1860-1869       52     0.01708  0.01693  0.50   50239     851   49815  1002177  19.95
1860-1869       53     0.01731  0.01716  0.50   49389     848   48966   952361  19.28
1860-1869       54     0.01831  0.01815  0.50   48541     881   48101   903396  18.61
1860-1869       55     0.01766  0.01751  0.50   47660     834   47243   855294  17.95
1860-1869       56     0.02000  0.01980  0.50   46826     927   46363   808051  17.26
1860-1869       57     0.02032  0.02012  0.50   45898     923   45438   761688  16.60
1860-1869       58     0.02283  0.02257  0.50   44975    1015   44470   716250  15.93
1860-1869       59     0.02371  0.02344  0.50   43960    1030   43449   671781  15.28
1860-1869       60     0.02570  0.02538  0.50   42929    1090   42389   628332  14.64
1860-1869       61     0.02559  0.02527  0.50   41840    1057   41316   585943  14.00
1860-1869       62     0.03049  0.03003  0.50   40783    1225   40174   544627  13.35
1860-1869       63     0.03320  0.03266  0.50   39558    1292   38917   504453  12.75
1860-1869       64     0.03614  0.03550  0.50   38266    1359   37591   465536  12.17
1860-1869       65     0.04098  0.04016  0.50   36907    1482   36172   427945  11.60
1860-1869       66     0.04061  0.03981  0.50   35425    1410   34726   391772  11.06
1860-1869       67     0.04579  0.04478  0.51   34015    1523   33261   357046  10.50
1860-1869       68     0.05071  0.04947  0.50   32492    1607   31695   323785   9.97
1860-1869       69     0.05591  0.05440  0.50   30884    1680   30051   292091   9.46
1860-1869       70     0.06024  0.05850  0.51   29204    1709   28361   262040   8.97
1860-1869       71     0.06306  0.06115  0.50   27496    1681   26662   233679   8.50
1860-1869       72     0.07430  0.07166  0.50   25814    1850   24897   207017   8.02
1860-1869       73     0.08047  0.07738  0.50   23964    1854   23045   182120   7.60
1860-1869       74     0.08805  0.08437  0.50   22110    1865   21185   159075   7.19
1860-1869       75     0.09430  0.09009  0.51   20244    1824   19342   137890   6.81
1860-1869       76     0.10423  0.09912  0.50   18421    1826   17517   118549   6.44
1860-1869       77     0.10950  0.10387  0.51   16595    1724   15742   101032   6.09
1860-1869       78     0.12160  0.11470  0.50   14871    1706   14026    85290   5.74
1860-1869       79     0.13250  0.12435  0.51   13165    1637   12355    71264   5.41
1860-1869       80     0.13692  0.12823  0.50   11528    1478   10796    58908   5.11
1860-1869       81     0.14248  0.13311  0.51   10050    1338    9390    48112   4.79
1860-1869       82     0.16634  0.15371  0.51    8712    1339    8051    38722   4.44
1860-1869       83     0.18247  0.16735  0.50    7373    1234    6762    30672   4.16
1860-1869       84     0.20320  0.18464  0.51    6139    1134    5579    23909   3.89
1860-1869       85     0.21729  0.19615  0.50    5006     982    4519    18331   3.66
1860-1869       86     0.24300  0.21683  0.50    4024     872    3590    13812   3.43
1860-1869       87     0.26170  0.23150  0.50    3151     730    2788    10222   3.24
1860-1869       88     0.27722  0.24370  0.50    2422     590    2129     7434   3.07
1860-1869       89     0.30294  0.26323  0.50    1832     482    1591     5305   2.90
1860-1869       90     0.31926  0.27523  0.50    1349     371    1163     3713   2.75
1860-1869       91     0.33460  0.28658  0.50     978     280     838     2550   2.61
1860-1869       92     0.36559  0.30915  0.50     698     216     590     1712   2.45
1860-1869       93     0.38541  0.32323  0.50     482     156     404     1122   2.33
1860-1869       94     0.41509  0.34358  0.50     326     112     270      718   2.20
1860-1869       95     0.43982  0.35991  0.50     214      77     175      448   2.09
1860-1869       96     0.47652  0.38432  0.50     137      53     111      273   1.99
1860-1869       97     0.48297  0.38855  0.50      84      33      68      162   1.92
1860-1869       98     0.51409  0.40834  0.50      52      21      41       94   1.83
1860-1869       99     0.50330  0.40178  0.50      31      12      24       53   1.75
1860-1869      100     0.58680  0.45150  0.49      18       8      14       29   1.58
1860-1869      101     0.65380  0.48982  0.49      10       5       8       15   1.48
1860-1869      102     0.64737  0.48756  0.49       5       2       4        7   1.44
1860-1869      103     0.69016  0.51172  0.49       3       1       2        4   1.34
1860-1869      104     0.82914  0.58339  0.49       1       1       1        2   1.23
1860-1869      105     0.69686  0.51230  0.48       1       0       0        1   1.27
1860-1869      106     0.83915  0.58027  0.47       0       0       0        0   1.10
1860-1869      107     1.22616  0.75000  0.48       0       0       0        0   0.98
1860-1869      108     0.00000  0.00000  0.50       0       0       0        0   1.48
1860-1869      109     2.06897  1.00000  0.48       0       0       0        0   0.48
1860-1869      110+          .        .     .       0       0       0        0      .
1870-1879        0     0.18392  0.16374  0.33  100000   16374   89029  4592953  45.93
1870-1879        1     0.06207  0.06010  0.47   83626    5026   80974  4503924  53.86
1870-1879        2     0.02728  0.02692  0.50   78600    2116   77536  4422950  56.27
1870-1879        3     0.01788  0.01772  0.50   76484    1355   75803  4345414  56.81
1870-1879        4     0.01334  0.01325  0.49   75129     995   74626  4269611  56.83
1870-1879        5     0.00967  0.00962  0.50   74133     713   73774  4194985  56.59
1870-1879        6     0.00724  0.00722  0.50   73420     530   73153  4121210  56.13
1870-1879        7     0.00542  0.00541  0.50   72890     394   72692  4048057  55.54
1870-1879        8     0.00410  0.00410  0.50   72496     297   72347  3975365  54.84
1870-1879        9     0.00329  0.00328  0.50   72199     237   72080  3903018  54.06
1870-1879       10     0.00293  0.00292  0.50   71962     210   71857  3830938  53.24
1870-1879       11     0.00276  0.00276  0.50   71752     198   71653  3759081  52.39
1870-1879       12     0.00273  0.00272  0.50   71554     195   71457  3687428  51.53
1870-1879       13     0.00284  0.00284  0.50   71359     203   71258  3615972  50.67
1870-1879       14     0.00309  0.00308  0.50   71156     219   71047  3544713  49.82
1870-1879       15     0.00343  0.00342  0.50   70937     243   70817  3473666  48.97
1870-1879       16     0.00375  0.00374  0.50   70694     264   70563  3402849  48.13
1870-1879       17     0.00401  0.00400  0.50   70430     282   70290  3332286  47.31
1870-1879       18     0.00424  0.00423  0.51   70148     297   70001  3261995  46.50
1870-1879       19     0.00444  0.00443  0.51   69851     309   69698  3191994  45.70
1870-1879       20     0.00459  0.00458  0.50   69542     319   69382  3122296  44.90
1870-1879       21     0.00473  0.00471  0.50   69223     326   69059  3052914  44.10
1870-1879       22     0.00486  0.00485  0.50   68897     334   68729  2983854  43.31
1870-1879       23     0.00496  0.00495  0.50   68563     339   68392  2915125  42.52
1870-1879       24     0.00505  0.00503  0.50   68223     343   68051  2846733  41.73
1870-1879       25     0.00511  0.00510  0.50   67880     346   67706  2778681  40.94
1870-1879       26     0.00519  0.00518  0.50   67534     350   67358  2710976  40.14
1870-1879       27     0.00530  0.00529  0.50   67184     355   67005  2643618  39.35
1870-1879       28     0.00545  0.00543  0.50   66829     363   66646  2576613  38.56
1870-1879       29     0.00557  0.00556  0.50   66466     369   66280  2509967  37.76
1870-1879       30     0.00567  0.00565  0.50   66097     373   65909  2443687  36.97
1870-1879       31     0.00569  0.00568  0.50   65723     373   65535  2377778  36.18
1870-1879       32     0.00594  0.00592  0.50   65350     387   65156  2312243  35.38
1870-1879       33     0.00601  0.00599  0.50   64963     389   64768  2247087  34.59
1870-1879       34     0.00637  0.00635  0.50   64574     410   64369  2182320  33.80
1870-1879       35     0.00698  0.00696  0.51   64164     447   63943  2117951  33.01
1870-1879       36     0.00770  0.00767  0.51   63717     489   63477  2054008  32.24
1870-1879       37     0.00858  0.00855  0.51   63229     540   62964  1990530  31.48
1870-1879       38     0.01022  0.01017  0.51   62688     638   62378  1927567  30.75
1870-1879       39     0.01052  0.01047  0.51   62051     649   61729  1865189  30.06
1870-1879       40     0.01063  0.01057  0.50   61401     649   61080  1803459  29.37
1870-1879       41     0.00973  0.00968  0.50   60752     588   60460  1742380  28.68
1870-1879       42     0.01072  0.01066  0.50   60163     642   59845  1681920  27.96
1870-1879       43     0.00992  0.00988  0.50   59522     588   59229  1622075  27.25
1870-1879       44     0.00982  0.00978  0.50   58934     576   58646  1562846  26.52
1870-1879       45     0.01052  0.01046  0.50   58358     611   58053  1504199  25.78
1870-1879       46     0.01018  0.01012  0.50   57747     585   57455  1446147  25.04
1870-1879       47     0.01041  0.01036  0.50   57163     592   56867  1388691  24.29
1870-1879       48     0.01087  0.01081  0.50   56571     612   56265  1331824  23.54
1870-1879       49     0.01133  0.01127  0.50   55959     630   55646  1275559  22.79
1870-1879       50     0.01205  0.01197  0.50   55329     663   54999  1219913  22.05
1870-1879       51     0.01165  0.01158  0.50   54666     633   54352  1164914  21.31
1870-1879       52     0.01382  0.01373  0.50   54033     742   53664  1110562  20.55
1870-1879       53     0.01451  0.01441  0.50   53291     768   52910  1056898  19.83
1870-1879       54     0.01582  0.01570  0.50   52524     825   52113  1003988  19.12
1870-1879       55     0.01563  0.01551  0.50   51699     802   51300   951875  18.41
1870-1879       56     0.01816  0.01800  0.50   50897     916   50442   900575  17.69
1870-1879       57     0.01906  0.01888  0.50   49981     944   49512   850133  17.01
1870-1879       58     0.02159  0.02136  0.50   49037    1048   48516   800621  16.33
1870-1879       59     0.02318  0.02292  0.50   47990    1100   47442   752105  15.67
1870-1879       60     0.02458  0.02428  0.50   46890    1139   46326   704663  15.03
1870-1879       61     0.02566  0.02534  0.50   45751    1159   45176   658337  14.39
1870-1879       62     0.03034  0.02989  0.50   44592    1333   43929   613161  13.75
1870-1879       63     0.03301  0.03248  0.50   43259    1405   42560   569232  13.16
1870-1879       64     0.03616  0.03552  0.50   41854    1487   41115   526672  12.58
1870-1879       65     0.03847  0.03774  0.50   40368    1524   39610   485557  12.03
1870-1879       66     0.03875  0.03802  0.50   38844    1477   38110   445947  11.48
1870-1879       67     0.04375  0.04282  0.50   37367    1600   36571   407837  10.91
1870-1879       68     0.04741  0.04632  0.50   35767    1657   34943   371266  10.38
1870-1879       69     0.05214  0.05082  0.50   34110    1734   33248   336324   9.86
1870-1879       70     0.05437  0.05294  0.50   32377    1714   31523   303076   9.36
1870-1879       71     0.05613  0.05461  0.50   30663    1675   29833   271552   8.86
1870-1879       72     0.06704  0.06488  0.50   28988    1881   28054   241720   8.34
1870-1879       73     0.07283  0.07028  0.50   27108    1905   26161   213665   7.88
1870-1879       74     0.08030  0.07722  0.50   25202    1946   24235   187504   7.44
1870-1879       75     0.08675  0.08317  0.50   23256    1934   22296   163269   7.02
1870-1879       76     0.09742  0.09293  0.50   21322    1981   20338   140972   6.61
1870-1879       77     0.10470  0.09952  0.50   19340    1925   18383   120634   6.24
1870-1879       78     0.11754  0.11106  0.50   17416    1934   16456   102251   5.87
1870-1879       79     0.13116  0.12313  0.50   15482    1906   14533    85795   5.54
1870-1879       80     0.13542  0.12686  0.50   13575    1722   12718    71262   5.25
1870-1879       81     0.14401  0.13437  0.50   11853    1593   11060    58544   4.94
1870-1879       82     0.16205  0.14996  0.50   10260    1539    9495    47484   4.63
1870-1879       83     0.17693  0.16263  0.50    8722    1418    8017    37989   4.36
1870-1879       84     0.19568  0.17830  0.50    7303    1302    6655    29972   4.10
1870-1879       85     0.20666  0.18729  0.50    6001    1124    5439    23317   3.89
1870-1879       86     0.22599  0.20306  0.50    4877     990    4382    17879   3.67
1870-1879       87     0.24319  0.21684  0.50    3887     843    3466    13496   3.47
1870-1879       88     0.25717  0.22793  0.50    3044     694    2698    10031   3.30
1870-1879       89     0.27853  0.24451  0.50    2350     575    2063     7333   3.12
1870-1879       90     0.28910  0.25250  0.50    1776     448    1551     5270   2.97
1870-1879       91     0.30507  0.26464  0.50    1327     351    1151     3719   2.80
1870-1879       92     0.33800  0.28901  0.50     976     282     835     2568   2.63
1870-1879       93     0.34972  0.29761  0.50     694     207     591     1733   2.50
1870-1879       94     0.37925  0.31879  0.50     487     155     410     1143   2.34
1870-1879       95     0.40587  0.33693  0.50     332     112     276      733   2.21
1870-1879       96     0.44337  0.36225  0.49     220      80     180      457   2.08
1870-1879       97     0.46568  0.37703  0.50     140      53     114      277   1.98
1870-1879       98     0.50083  0.39969  0.49      87      35      70      164   1.87
1870-1879       99     0.51242  0.40724  0.50      53      21      42       94   1.79
1870-1879      100     0.55717  0.43320  0.49      31      13      24       52   1.67
1870-1879      101     0.65107  0.48775  0.49      18       9      13       28   1.58
1870-1879      102     0.55033  0.42890  0.49       9       4       7       15   1.63
1870-1879      103     0.66084  0.49305  0.49       5       3       4        8   1.48
1870-1879      104     0.59052  0.45145  0.48       3       1       2        4   1.46
1870-1879      105     0.79457  0.56583  0.49       1       1       1        2   1.26
1870-1879      106     0.67956  0.50271  0.48       1       0       0        1   1.27
1870-1879      107     0.75730  0.54390  0.48       0       0       0        0   1.06
1870-1879      108     1.21311  0.75510  0.50       0       0       0        0   0.75
1870-1879      109     1.85408  1.00000  0.54       0       0       0        0   0.54
1870-1879      110+          .        .     .       0       0       0        0      .
1880-1889        0     0.17354  0.15547  0.33  100000   15547   89584  4671292  46.71
1880-1889        1     0.05764  0.05595  0.48   84453    4725   81977  4581708  54.25
1880-1889        2     0.02333  0.02306  0.50   79729    1839   78802  4499731  56.44
1880-1889        3     0.01457  0.01446  0.50   77890    1127   77322  4420930  56.76
1880-1889        4     0.01045  0.01040  0.50   76764     798   76361  4343607  56.58
1880-1889        5     0.00743  0.00740  0.50   75965     562   75683  4267247  56.17
1880-1889        6     0.00568  0.00566  0.50   75403     427   75190  4191564  55.59
1880-1889        7     0.00427  0.00426  0.50   74977     319   74816  4116374  54.90
1880-1889        8     0.00323  0.00323  0.50   74657     241   74536  4041558  54.13
1880-1889        9     0.00262  0.00262  0.50   74417     195   74319  3967021  53.31
1880-1889       10     0.00236  0.00236  0.50   74222     175   74135  3892702  52.45
1880-1889       11     0.00227  0.00227  0.50   74047     168   73963  3818568  51.57
1880-1889       12     0.00229  0.00229  0.50   73879     169   73794  3744605  50.69
1880-1889       13     0.00239  0.00239  0.50   73709     176   73621  3670810  49.80
1880-1889       14     0.00259  0.00258  0.50   73533     190   73439  3597189  48.92
1880-1889       15     0.00286  0.00286  0.50   73343     209   73239  3523750  48.04
1880-1889       16     0.00313  0.00313  0.51   73134     229   73021  3450511  47.18
1880-1889       17     0.00338  0.00338  0.50   72905     246   72783  3377490  46.33
1880-1889       18     0.00360  0.00359  0.50   72659     261   72529  3304707  45.48
1880-1889       19     0.00376  0.00376  0.50   72398     272   72263  3232178  44.64
1880-1889       20     0.00385  0.00384  0.50   72126     277   71986  3159915  43.81
1880-1889       21     0.00389  0.00389  0.50   71848     279   71708  3087929  42.98
1880-1889       22     0.00398  0.00398  0.50   71569     285   71426  3016222  42.14
1880-1889       23     0.00402  0.00401  0.50   71285     286   71141  2944796  41.31
1880-1889       24     0.00438  0.00437  0.51   70999     310   70847  2873655  40.47
1880-1889       25     0.00551  0.00550  0.52   70689     389   70502  2802808  39.65
1880-1889       26     0.00760  0.00757  0.53   70300     532   70048  2732306  38.87
1880-1889       27     0.01034  0.01029  0.53   69768     718   69427  2662258  38.16
1880-1889       28     0.01417  0.01407  0.53   69050     972   68593  2592831  37.55
1880-1889       29     0.01473  0.01463  0.51   68078     996   67595  2524238  37.08
1880-1889       30     0.01428  0.01418  0.51   67083     951   66619  2456643  36.62
1880-1889       31     0.01270  0.01262  0.51   66131     835   65724  2390024  36.14
1880-1889       32     0.01255  0.01247  0.51   65297     814   64898  2324300  35.60
1880-1889       33     0.01151  0.01144  0.51   64482     738   64120  2259402  35.04
1880-1889       34     0.01096  0.01090  0.51   63745     695   63401  2195282  34.44
1880-1889       35     0.01014  0.01009  0.50   63050     636   62734  2131881  33.81
1880-1889       36     0.00902  0.00898  0.50   62414     560   62134  2069147  33.15
1880-1889       37     0.00788  0.00785  0.50   61853     486   61609  2007013  32.45
1880-1889       38     0.00690  0.00688  0.49   61368     422   61151  1945404  31.70
1880-1889       39     0.00645  0.00643  0.50   60945     392   60749  1884253  30.92
1880-1889       40     0.00660  0.00658  0.50   60554     398   60354  1823504  30.11
1880-1889       41     0.00642  0.00640  0.50   60155     385   59963  1763149  29.31
1880-1889       42     0.00758  0.00755  0.50   59770     451   59544  1703186  28.50
1880-1889       43     0.00736  0.00733  0.50   59319     435   59102  1643642  27.71
1880-1889       44     0.00769  0.00766  0.50   58884     451   58659  1584540  26.91
1880-1889       45     0.00836  0.00832  0.50   58433     486   58191  1525882  26.11
1880-1889       46     0.00858  0.00855  0.50   57947     495   57700  1467691  25.33
1880-1889       47     0.00920  0.00916  0.50   57451     526   57189  1409991  24.54
1880-1889       48     0.00982  0.00977  0.50   56925     556   56648  1352802  23.76
1880-1889       49     0.01072  0.01066  0.50   56369     601   56068  1296155  22.99
1880-1889       50     0.01137  0.01131  0.50   55768     631   55455  1240086  22.24
1880-1889       51     0.01145  0.01139  0.50   55137     628   54825  1184631  21.49
1880-1889       52     0.01360  0.01351  0.50   54509     736   54142  1129807  20.73
1880-1889       53     0.01440  0.01430  0.50   53773     769   53390  1075664  20.00
1880-1889       54     0.01542  0.01530  0.50   53004     811   52600  1022275  19.29
1880-1889       55     0.01558  0.01546  0.50   52193     807   51791   969675  18.58
1880-1889       56     0.01745  0.01730  0.50   51386     889   50943   917885  17.86
1880-1889       57     0.01890  0.01873  0.50   50497     946   50025   866942  17.17
1880-1889       58     0.02093  0.02071  0.50   49552    1026   49040   816916  16.49
1880-1889       59     0.02269  0.02243  0.50   48526    1089   47983   767877  15.82
1880-1889       60     0.02346  0.02319  0.50   47437    1100   46887   719894  15.18
1880-1889       61     0.02448  0.02418  0.50   46337    1121   45779   673007  14.52
1880-1889       62     0.02832  0.02792  0.50   45216    1263   44587   627229  13.87
1880-1889       63     0.03146  0.03098  0.50   43954    1362   43275   582642  13.26
1880-1889       64     0.03463  0.03404  0.50   42592    1450   41869   539366  12.66
1880-1889       65     0.03680  0.03614  0.50   41142    1487   40402   497498  12.09
1880-1889       66     0.03809  0.03738  0.50   39655    1482   38917   457096  11.53
1880-1889       67     0.04376  0.04283  0.50   38173    1635   37359   418179  10.95
1880-1889       68     0.04796  0.04684  0.50   36538    1711   35686   380820  10.42
1880-1889       69     0.05306  0.05169  0.50   34827    1800   33929   345134   9.91
1880-1889       70     0.05688  0.05531  0.50   33027    1827   32117   311205   9.42
1880-1889       71     0.05960  0.05788  0.50   31200    1806   30299   279088   8.95
1880-1889       72     0.06891  0.06662  0.50   29394    1958   28419   248789   8.46
1880-1889       73     0.07552  0.07278  0.50   27436    1997   26441   220370   8.03
1880-1889       74     0.08260  0.07933  0.50   25439    2018   24432   193929   7.62
1880-1889       75     0.08808  0.08438  0.50   23421    1976   22436   169497   7.24
1880-1889       76     0.09674  0.09229  0.50   21445    1979   20458   147061   6.86
1880-1889       77     0.10216  0.09721  0.50   19465    1892   18523   126602   6.50
1880-1889       78     0.11179  0.10589  0.50   17573    1861   16647   108080   6.15
1880-1889       79     0.12141  0.11448  0.50   15712    1799   14816    91433   5.82
1880-1889       80     0.12939  0.12155  0.50   13914    1691   13071    76617   5.51
1880-1889       81     0.13748  0.12865  0.50   12222    1572   11438    63547   5.20
1880-1889       82     0.15345  0.14254  0.50   10650    1518    9892    52109   4.89
1880-1889       83     0.16286  0.15062  0.50    9132    1375    8445    42217   4.62
1880-1889       84     0.17962  0.16486  0.50    7756    1279    7119    33771   4.35
1880-1889       85     0.19068  0.17407  0.50    6478    1128    5914    26652   4.11
1880-1889       86     0.20772  0.18816  0.50    5350    1007    4846    20738   3.88
1880-1889       87     0.22374  0.20121  0.50    4343     874    3906    15892   3.66
1880-1889       88     0.24042  0.21455  0.50    3470     744    3096    11986   3.45
1880-1889       89     0.25670  0.22749  0.50    2725     620    2415     8890   3.26
1880-1889       90     0.27682  0.24297  0.50    2105     512    1848     6475   3.08
1880-1889       91     0.29654  0.25800  0.50    1594     411    1387     4627   2.90
1880-1889       92     0.32191  0.27700  0.50    1183     328    1018     3241   2.74
1880-1889       93     0.34386  0.29311  0.50     855     251     729     2223   2.60
1880-1889       94     0.36619  0.30922  0.50     604     187     510     1494   2.47
1880-1889       95     0.39011  0.32565  0.49     417     136     348      984   2.36
1880-1889       96     0.41105  0.34016  0.49     282      96     233      636   2.26
1880-1889       97     0.42622  0.35045  0.49     186      65     153      403   2.17
1880-1889       98     0.45235  0.36821  0.49     121      44      98      250   2.07
1880-1889       99     0.45795  0.37184  0.49      76      28      62      152   1.99
1880-1889      100     0.51614  0.40773  0.48      48      20      38       90   1.87
1880-1889      101     0.52404  0.41260  0.48      28      12      22       52   1.83
1880-1889      102     0.54136  0.42328  0.48      17       7      13       30   1.77
1880-1889      103     0.56389  0.43760  0.49      10       4       7       17   1.72
1880-1889      104     0.53919  0.42252  0.49       5       2       4        9   1.68
1880-1889      105     0.52270  0.41169  0.48       3       1       2        5   1.55
1880-1889      106     0.68887  0.50848  0.49       2       1       1        2   1.29
1880-1889      107     0.72957  0.53022  0.48       1       0       1        1   1.12
1880-1889      108     0.96040  0.63797  0.47       0       0       0        0   0.83
1880-1889      109     2.13681  1.00000  0.47       0       0       0        0   0.47
1880-1889      110+          .        .     .       0       0       0        0      .
1890-1899        0     0.18919  0.16790  0.33  100000   16790   88750  4525623  45.26
1890-1899        1     0.05303  0.05159  0.47   83210    4293   80942  4436873  53.32
1890-1899        2     0.01991  0.01971  0.50   78917    1555   78132  4355930  55.20
1890-1899        3     0.01239  0.01231  0.49   77362     952   76880  4277798  55.30
1890-1899        4     0.00887  0.00883  0.50   76410     674   76069  4200918  54.98
1890-1899        5     0.00627  0.00625  0.50   75735     473   75497  4124848  54.46
1890-1899        6     0.00467  0.00466  0.50   75262     351   75085  4049351  53.80
1890-1899        7     0.00350  0.00349  0.50   74911     262   74780  3974265  53.05
1890-1899        8     0.00272  0.00271  0.50   74649     202   74548  3899485  52.24
1890-1899        9     0.00224  0.00224  0.50   74447     167   74363  3824938  51.38
1890-1899       10     0.00204  0.00204  0.50   74280     151   74205  3750574  50.49
1890-1899       11     0.00194  0.00194  0.50   74129     144   74057  3676370  49.59
1890-1899       12     0.00192  0.00191  0.50   73985     142   73914  3602312  48.69
1890-1899       13     0.00199  0.00199  0.50   73843     147   73770  3528398  47.78
1890-1899       14     0.00218  0.00218  0.50   73697     161   73617  3454628  46.88
1890-1899       15     0.00246  0.00246  0.51   73536     181   73447  3381011  45.98
1890-1899       16     0.00329  0.00328  0.52   73355     241   73240  3307564  45.09
1890-1899       17     0.00674  0.00672  0.52   73114     491   72880  3234324  44.24
1890-1899       18     0.01403  0.01394  0.53   72623    1012   72145  3161444  43.53
1890-1899       19     0.01857  0.01841  0.52   71611    1318   70976  3089299  43.14
1890-1899       20     0.01958  0.01939  0.52   70293    1363   69634  3018323  42.94
1890-1899       21     0.02027  0.02007  0.52   68930    1384   68261  2948689  42.78
1890-1899       22     0.02031  0.02012  0.52   67546    1359   66890  2880428  42.64
1890-1899       23     0.02023  0.02004  0.52   66187    1326   65546  2813538  42.51
1890-1899       24     0.01922  0.01904  0.51   64861    1235   64261  2747992  42.37
1890-1899       25     0.01718  0.01704  0.51   63626    1084   63094  2683731  42.18
1890-1899       26     0.01421  0.01411  0.50   62542     882   62103  2620637  41.90
1890-1899       27     0.01055  0.01050  0.50   61660     647   61333  2558534  41.49
1890-1899       28     0.00562  0.00560  0.46   61012     342   60827  2497201  40.93
1890-1899       29     0.00408  0.00407  0.49   60671     247   60545  2436374  40.16
1890-1899       30     0.00389  0.00388  0.50   60424     235   60306  2375830  39.32
1890-1899       31     0.00377  0.00376  0.50   60189     226   60076  2315524  38.47
1890-1899       32     0.00406  0.00405  0.50   59963     243   59840  2255449  37.61
1890-1899       33     0.00399  0.00398  0.50   59720     238   59600  2195608  36.77
1890-1899       34     0.00419  0.00419  0.50   59482     249   59357  2136008  35.91
1890-1899       35     0.00437  0.00436  0.50   59233     259   59104  2076651  35.06
1890-1899       36     0.00453  0.00452  0.50   58975     266   58842  2017547  34.21
1890-1899       37     0.00461  0.00460  0.50   58708     270   58573  1958705  33.36
1890-1899       38     0.00496  0.00495  0.50   58439     289   58294  1900132  32.52
1890-1899       39     0.00503  0.00501  0.50   58149     292   58003  1841838  31.67
1890-1899       40     0.00528  0.00527  0.50   57858     305   57706  1783835  30.83
1890-1899       41     0.00540  0.00539  0.50   57553     310   57399  1726129  29.99
1890-1899       42     0.00623  0.00621  0.50   57243     356   57066  1668730  29.15
1890-1899       43     0.00617  0.00615  0.50   56887     350   56713  1611665  28.33
1890-1899       44     0.00648  0.00646  0.50   56537     365   56356  1554952  27.50
1890-1899       45     0.00704  0.00702  0.50   56172     394   55976  1498596  26.68
1890-1899       46     0.00733  0.00730  0.50   55778     407   55575  1442620  25.86
1890-1899       47     0.00793  0.00790  0.50   55371     437   55153  1387045  25.05
1890-1899       48     0.00837  0.00833  0.50   54934     458   54705  1331892  24.25
1890-1899       49     0.00922  0.00918  0.50   54476     500   54227  1277187  23.44
1890-1899       50     0.00962  0.00957  0.50   53976     517   53717  1222960  22.66
1890-1899       51     0.00976  0.00971  0.50   53459     519   53200  1169243  21.87
1890-1899       52     0.01123  0.01117  0.50   52940     591   52645  1116043  21.08
1890-1899       53     0.01219  0.01212  0.50   52349     634   52032  1063398  20.31
1890-1899       54     0.01313  0.01304  0.50   51714     674   51378  1011366  19.56
1890-1899       55     0.01360  0.01351  0.50   51040     690   50696   959988  18.81
1890-1899       56     0.01569  0.01557  0.50   50350     784   49959   909292  18.06
1890-1899       57     0.01739  0.01724  0.50   49567     854   49141   859333  17.34
1890-1899       58     0.01941  0.01923  0.50   48712     937   48246   810192  16.63
1890-1899       59     0.02134  0.02111  0.50   47776    1009   47272   761946  15.95
1890-1899       60     0.02279  0.02253  0.50   46767    1054   46242   714674  15.28
1890-1899       61     0.02454  0.02425  0.50   45713    1108   45160   668433  14.62
1890-1899       62     0.02809  0.02771  0.50   44605    1236   43989   623272  13.97
1890-1899       63     0.03130  0.03082  0.50   43369    1337   42703   579283  13.36
1890-1899       64     0.03457  0.03398  0.50   42032    1428   41320   536580  12.77
1890-1899       65     0.03706  0.03639  0.50   40604    1478   39868   495260  12.20
1890-1899       66     0.03887  0.03814  0.50   39126    1492   38384   455392  11.64
1890-1899       67     0.04445  0.04349  0.50   37634    1637   36818   417008  11.08
1890-1899       68     0.04780  0.04669  0.50   35997    1681   35160   380190  10.56
1890-1899       69     0.05281  0.05146  0.50   34317    1766   33438   345029  10.05
1890-1899       70     0.05679  0.05523  0.50   32551    1798   31657   311592   9.57
1890-1899       71     0.06061  0.05884  0.50   30753    1809   29852   279935   9.10
1890-1899       72     0.06804  0.06581  0.50   28944    1905   27995   250083   8.64
1890-1899       73     0.07374  0.07113  0.50   27039    1923   26080   222088   8.21
1890-1899       74     0.08027  0.07719  0.50   25116    1939   24151   196008   7.80
1890-1899       75     0.08628  0.08273  0.50   23177    1917   22224   171857   7.41
1890-1899       76     0.09355  0.08939  0.50   21260    1900   20315   149634   7.04
1890-1899       77     0.09984  0.09511  0.50   19359    1841   18443   129319   6.68
1890-1899       78     0.10821  0.10268  0.50   17518    1799   16622   110876   6.33
1890-1899       79     0.11693  0.11050  0.50   15719    1737   14855    94254   6.00
1890-1899       80     0.12660  0.11909  0.50   13982    1665   13153    79399   5.68
1890-1899       81     0.13460  0.12615  0.50   12317    1554   11543    66246   5.38
1890-1899       82     0.14757  0.13746  0.50   10763    1480   10026    54703   5.08
1890-1899       83     0.15932  0.14759  0.50    9284    1370    8600    44677   4.81
1890-1899       84     0.17063  0.15723  0.50    7914    1244    7292    36077   4.56
1890-1899       85     0.18291  0.16758  0.50    6669    1118    6110    28785   4.32
1890-1899       86     0.19874  0.18076  0.50    5552    1003    5049    22675   4.08
1890-1899       87     0.20999  0.19000  0.50    4548     864    4115    17626   3.88
1890-1899       88     0.22407  0.20147  0.50    3684     742    3312    13511   3.67
1890-1899       89     0.23940  0.21378  0.50    2942     629    2627    10198   3.47
1890-1899       90     0.25459  0.22566  0.50    2313     522    2050     7571   3.27
1890-1899       91     0.27288  0.23994  0.50    1791     430    1575     5521   3.08
1890-1899       92     0.29427  0.25633  0.50    1361     349    1186     3946   2.90
1890-1899       93     0.31794  0.27420  0.50    1012     278     873     2761   2.73
1890-1899       94     0.34143  0.29138  0.50     735     214     627     1888   2.57
1890-1899       95     0.36445  0.30773  0.49     521     160     440     1261   2.42
1890-1899       96     0.39433  0.32869  0.49     360     118     300      821   2.28
1890-1899       97     0.42803  0.35182  0.49     242      85     199      521   2.15
1890-1899       98     0.42927  0.35252  0.49     157      55     129      322   2.05
1890-1899       99     0.48511  0.38941  0.49     102      40      82      193   1.90
1890-1899      100     0.50292  0.39930  0.48      62      25      49      112   1.80
1890-1899      101     0.56550  0.43765  0.48      37      16      29       62   1.67
1890-1899      102     0.61833  0.46935  0.49      21      10      16       33   1.60
1890-1899      103     0.57948  0.44546  0.48      11       5       9       18   1.58
1890-1899      104     0.64596  0.48388  0.48       6       3       5        9   1.46
1890-1899      105     0.79480  0.56450  0.49       3       2       2        4   1.38
1890-1899      106     0.63957  0.48057  0.48       1       1       1        2   1.54
1890-1899      107     0.46961  0.37835  0.49       1       0       1        1   1.52
1890-1899      108     0.74762  0.53816  0.48       0       0       0        1   1.15
1890-1899      109     0.81356  0.57627  0.49       0       0       0        0   0.93
1890-1899      110+    1.90398  1.00000  0.53       0       0       0        0   0.53
1900-1909        0     0.15844  0.14323  0.33  100000   14323   90403  5320863  53.21
1900-1909        1     0.04001  0.03918  0.47   85677    3357   83912  5230460  61.05
1900-1909        2     0.01521  0.01509  0.49   82320    1242   81692  5146547  62.52
1900-1909        3     0.00915  0.00911  0.50   81077     738   80704  5064856  62.47
1900-1909        4     0.00657  0.00655  0.50   80339     526   80073  4984151  62.04
1900-1909        5     0.00513  0.00512  0.50   79813     409   79608  4904078  61.44
1900-1909        6     0.00390  0.00389  0.50   79404     309   79249  4824469  60.76
1900-1909        7     0.00301  0.00301  0.50   79095     238   78976  4745220  59.99
1900-1909        8     0.00256  0.00256  0.50   78857     202   78757  4666244  59.17
1900-1909        9     0.00241  0.00241  0.50   78656     190   78560  4587488  58.32
1900-1909       10     0.00230  0.00230  0.50   78466     180   78376  4508928  57.46
1900-1909       11     0.00217  0.00216  0.50   78286     169   78201  4430552  56.59
1900-1909       12     0.00206  0.00206  0.50   78116     161   78036  4352352  55.72
1900-1909       13     0.00211  0.00211  0.50   77956     164   77873  4274316  54.83
1900-1909       14     0.00236  0.00235  0.50   77791     183   77699  4196442  53.94
1900-1909       15     0.00267  0.00267  0.50   77608     207   77505  4118743  53.07
1900-1909       16     0.00351  0.00350  0.51   77401     271   77267  4041239  52.21
1900-1909       17     0.00504  0.00502  0.49   77130     388   76932  3963971  51.39
1900-1909       18     0.00414  0.00413  0.46   76742     317   76573  3887039  50.65
1900-1909       19     0.00322  0.00322  0.50   76425     246   76303  3810466  49.86
1900-1909       20     0.00330  0.00330  0.50   76179     251   76053  3734164  49.02
1900-1909       21     0.00334  0.00333  0.50   75928     253   75801  3658111  48.18
1900-1909       22     0.00328  0.00327  0.50   75675     248   75550  3582310  47.34
1900-1909       23     0.00333  0.00332  0.50   75428     251   75302  3506760  46.49
1900-1909       24     0.00329  0.00329  0.50   75177     247   75052  3431458  45.65
1900-1909       25     0.00319  0.00319  0.50   74930     239   74809  3356406  44.79
1900-1909       26     0.00318  0.00318  0.49   74691     238   74571  3281596  43.94
1900-1909       27     0.00323  0.00323  0.49   74453     240   74332  3207026  43.07
1900-1909       28     0.00314  0.00313  0.49   74213     233   74096  3132694  42.21
1900-1909       29     0.00316  0.00315  0.49   73981     233   73863  3058598  41.34
1900-1909       30     0.00318  0.00318  0.50   73748     234   73631  2984735  40.47
1900-1909       31     0.00329  0.00328  0.50   73513     241   73393  2911105  39.60
1900-1909       32     0.00371  0.00370  0.50   73272     271   73137  2837712  38.73
1900-1909       33     0.00393  0.00393  0.50   73001     287   72858  2764575  37.87
1900-1909       34     0.00415  0.00414  0.50   72714     301   72564  2691717  37.02
1900-1909       35     0.00459  0.00458  0.51   72413     331   72249  2619153  36.17
1900-1909       36     0.00451  0.00450  0.50   72081     324   71918  2546904  35.33
1900-1909       37     0.00445  0.00444  0.50   71757     318   71597  2474985  34.49
1900-1909       38     0.00450  0.00449  0.50   71439     321   71277  2403388  33.64
1900-1909       39     0.00450  0.00449  0.50   71118     319   70957  2332111  32.79
1900-1909       40     0.00435  0.00434  0.50   70798     307   70644  2261154  31.94
1900-1909       41     0.00421  0.00420  0.50   70491     296   70342  2190510  31.07
1900-1909       42     0.00454  0.00453  0.50   70195     318   70035  2120168  30.20
1900-1909       43     0.00444  0.00443  0.50   69877     309   69721  2050133  29.34
1900-1909       44     0.00458  0.00457  0.50   69568     318   69408  1980412  28.47
1900-1909       45     0.00501  0.00500  0.50   69250     346   69076  1911004  27.60
1900-1909       46     0.00541  0.00540  0.50   68904     372   68718  1841928  26.73
1900-1909       47     0.00586  0.00584  0.50   68532     400   68331  1773211  25.87
1900-1909       48     0.00645  0.00643  0.50   68132     438   67912  1704879  25.02
1900-1909       49     0.00726  0.00724  0.50   67693     490   67448  1636967  24.18
1900-1909       50     0.00784  0.00781  0.50   67204     525   66941  1569519  23.35
1900-1909       51     0.00844  0.00840  0.50   66679     560   66398  1502578  22.53
1900-1909       52     0.00970  0.00965  0.50   66119     638   65799  1436180  21.72
1900-1909       53     0.01083  0.01077  0.50   65481     705   65128  1370380  20.93
1900-1909       54     0.01199  0.01192  0.50   64775     772   64389  1305253  20.15
1900-1909       55     0.01306  0.01297  0.50   64003     830   63588  1240863  19.39
1900-1909       56     0.01489  0.01478  0.50   63173     934   62706  1177276  18.64
1900-1909       57     0.01646  0.01633  0.50   62239    1016   61730  1114570  17.91
1900-1909       58     0.01848  0.01831  0.50   61223    1121   60662  1052840  17.20
1900-1909       59     0.02033  0.02012  0.50   60102    1209   59497   992178  16.51
1900-1909       60     0.02211  0.02187  0.50   58893    1288   58249   932681  15.84
1900-1909       61     0.02398  0.02370  0.50   57605    1365   56922   874432  15.18
1900-1909       62     0.02714  0.02678  0.50   56240    1506   55486   817510  14.54
1900-1909       63     0.02937  0.02894  0.50   54734    1584   53940   762024  13.92
1900-1909       64     0.03285  0.03231  0.50   53150    1717   52290   708084  13.32
1900-1909       65     0.03548  0.03486  0.50   51432    1793   50536   655793  12.75
1900-1909       66     0.03808  0.03736  0.50   49640    1855   48712   605257  12.19
1900-1909       67     0.04207  0.04121  0.50   47785    1969   46800   556545  11.65
1900-1909       68     0.04557  0.04455  0.50   45816    2041   44796   509745  11.13
1900-1909       69     0.04974  0.04853  0.50   43775    2125   42711   464949  10.62
1900-1909       70     0.05329  0.05190  0.50   41650    2162   40569   422238  10.14
1900-1909       71     0.05731  0.05571  0.50   39488    2200   38389   381669   9.67
1900-1909       72     0.06266  0.06076  0.50   37288    2265   36156   343279   9.21
1900-1909       73     0.06821  0.06596  0.50   35023    2310   33868   307124   8.77
1900-1909       74     0.07358  0.07097  0.50   32713    2322   31551   273256   8.35
1900-1909       75     0.07878  0.07580  0.50   30391    2304   29242   241704   7.95
1900-1909       76     0.08526  0.08178  0.50   28087    2297   26941   212462   7.56
1900-1909       77     0.09110  0.08714  0.50   25790    2247   24669   185522   7.19
1900-1909       78     0.09757  0.09304  0.50   23543    2190   22449   160853   6.83
1900-1909       79     0.10511  0.09987  0.50   21352    2132   20288   138404   6.48
1900-1909       80     0.11399  0.10785  0.50   19220    2073   18185   118116   6.15
1900-1909       81     0.12139  0.11446  0.50   17147    1963   16167    99930   5.83
1900-1909       82     0.13044  0.12246  0.50   15184    1859   14256    83763   5.52
1900-1909       83     0.14058  0.13137  0.50   13325    1750   12451    69508   5.22
1900-1909       84     0.15187  0.14118  0.50   11575    1634   10760    57056   4.93
1900-1909       85     0.16277  0.15050  0.50    9940    1496    9191    46297   4.66
1900-1909       86     0.17473  0.16067  0.50    8444    1357    7765    37106   4.39
1900-1909       87     0.18839  0.17217  0.50    7088    1220    6477    29341   4.14
1900-1909       88     0.20203  0.18349  0.50    5867    1077    5329    22864   3.90
1900-1909       89     0.21915  0.19749  0.50    4791     946    4317    17535   3.66
1900-1909       90     0.23885  0.21325  0.50    3845     820    3433    13217   3.44
1900-1909       91     0.25280  0.22430  0.50    3025     678    2684     9785   3.23
1900-1909       92     0.28142  0.24656  0.50    2346     579    2056     7101   3.03
1900-1909       93     0.30303  0.26300  0.50    1768     465    1534     5045   2.85
1900-1909       94     0.32218  0.27731  0.50    1303     361    1121     3511   2.69
1900-1909       95     0.35296  0.29941  0.49     942     282     799     2390   2.54
1900-1909       96     0.37011  0.31168  0.49     660     206     556     1591   2.41
1900-1909       97     0.40095  0.33337  0.49     454     151     378     1035   2.28
1900-1909       98     0.42402  0.34915  0.49     303     106     249      658   2.17
1900-1909       99     0.43275  0.35499  0.49     197      70     162      409   2.07
1900-1909      100     0.47136  0.37917  0.48     127      48     102      247   1.94
1900-1909      101     0.51122  0.40483  0.49      79      32      62      145   1.83
1900-1909      102     0.54885  0.42780  0.48      47      20      37       82   1.75
1900-1909      103     0.53443  0.41952  0.49      27      11      21       46   1.70
1900-1909      104     0.57801  0.44610  0.49      16       7      12       25   1.58
1900-1909      105     0.76100  0.54858  0.49       9       5       6       13   1.45
1900-1909      106     0.56644  0.43554  0.47       4       2       3        6   1.62
1900-1909      107     0.58182  0.44832  0.49       2       1       2        3   1.51
1900-1909      108     0.70203  0.52341  0.51       1       1       1        2   1.34
1900-1909      109     0.33308  0.28858  0.54       1       0       1        1   1.24
1900-1909      110+    1.90398  1.00000  0.53       0       0       0        0   0.53
1910-1918        0     0.12466  0.11505  0.33  100000   11505   92292  5665798  56.66
1910-1918        1     0.03336  0.03278  0.47   88495    2901   86957  5573506  62.98
1910-1918        2     0.01413  0.01402  0.49   85595    1200   84983  5486550  64.10
1910-1918        3     0.00877  0.00873  0.49   84394     736   84019  5401567  64.00
1910-1918        4     0.00638  0.00636  0.49   83658     532   83386  5317547  63.56
1910-1918        5     0.00504  0.00503  0.49   83126     418   82912  5234162  62.97
1910-1918        6     0.00375  0.00374  0.49   82708     310   82550  5151249  62.28
1910-1918        7     0.00290  0.00289  0.49   82398     238   82277  5068699  61.51
1910-1918        8     0.00230  0.00230  0.49   82160     189   82063  4986422  60.69
1910-1918        9     0.00188  0.00188  0.49   81971     154   81893  4904359  59.83
1910-1918       10     0.00169  0.00169  0.50   81817     138   81748  4822466  58.94
1910-1918       11     0.00159  0.00158  0.50   81679     129   81614  4740718  58.04
1910-1918       12     0.00153  0.00152  0.50   81549     124   81487  4659104  57.13
1910-1918       13     0.00160  0.00160  0.50   81425     130   81360  4577617  56.22
1910-1918       14     0.00178  0.00177  0.50   81295     144   81223  4496257  55.31
1910-1918       15     0.00200  0.00199  0.50   81151     162   81070  4415034  54.41
1910-1918       16     0.00229  0.00229  0.50   80989     185   80897  4333963  53.51
1910-1918       17     0.00256  0.00256  0.50   80804     206   80701  4253067  52.63
1910-1918       18     0.00272  0.00272  0.50   80597     219   80488  4172366  51.77
1910-1918       19     0.00282  0.00282  0.50   80378     227   80265  4091878  50.91
1910-1918       20     0.00293  0.00292  0.49   80151     234   80033  4011613  50.05
1910-1918       21     0.00317  0.00316  0.51   79917     253   79792  3931580  49.20
1910-1918       22     0.00365  0.00365  0.50   79664     291   79520  3851788  48.35
1910-1918       23     0.00442  0.00441  0.51   79374     350   79202  3772268  47.53
1910-1918       24     0.00503  0.00502  0.51   79023     396   78830  3693066  46.73
1910-1918       25     0.00533  0.00532  0.51   78627     418   78422  3614237  45.97
1910-1918       26     0.00599  0.00597  0.52   78209     467   77983  3535814  45.21
1910-1918       27     0.00596  0.00594  0.50   77742     462   77509  3457832  44.48
1910-1918       28     0.00558  0.00557  0.50   77280     430   77063  3380323  43.74
1910-1918       29     0.00528  0.00527  0.50   76850     405   76646  3303259  42.98
1910-1918       30     0.00509  0.00508  0.49   76445     388   76247  3226614  42.21
1910-1918       31     0.00459  0.00458  0.49   76057     348   75880  3150366  41.42
1910-1918       32     0.00408  0.00407  0.49   75708     308   75551  3074487  40.61
1910-1918       33     0.00349  0.00348  0.48   75401     263   75265  2998936  39.77
1910-1918       34     0.00296  0.00295  0.48   75138     222   75023  2923671  38.91
1910-1918       35     0.00245  0.00244  0.48   74916     183   74820  2848648  38.02
1910-1918       36     0.00212  0.00212  0.49   74733     158   74653  2773827  37.12
1910-1918       37     0.00221  0.00221  0.49   74575     165   74492  2699174  36.19
1910-1918       38     0.00232  0.00231  0.49   74410     172   74323  2624682  35.27
1910-1918       39     0.00245  0.00245  0.49   74238     182   74146  2550359  34.35
1910-1918       40     0.00257  0.00257  0.50   74057     190   73961  2476213  33.44
1910-1918       41     0.00274  0.00274  0.50   73866     202   73765  2402252  32.52
1910-1918       42     0.00311  0.00311  0.50   73664     229   73549  2328487  31.61
1910-1918       43     0.00334  0.00334  0.50   73435     245   73312  2254938  30.71
1910-1918       44     0.00367  0.00367  0.50   73190     268   73056  2181626  29.81
1910-1918       45     0.00414  0.00413  0.50   72922     301   72771  2108570  28.92
1910-1918       46     0.00460  0.00459  0.50   72621     333   72454  2035799  28.03
1910-1918       47     0.00526  0.00525  0.50   72287     379   72098  1963345  27.16
1910-1918       48     0.00576  0.00574  0.50   71908     413   71701  1891248  26.30
1910-1918       49     0.00652  0.00650  0.50   71495     465   71262  1819547  25.45
1910-1918       50     0.00730  0.00728  0.50   71030     517   70771  1748285  24.61
1910-1918       51     0.00804  0.00800  0.50   70513     564   70231  1677514  23.79
1910-1918       52     0.00917  0.00913  0.50   69949     638   69629  1607283  22.98
1910-1918       53     0.01023  0.01018  0.50   69311     706   68957  1537654  22.18
1910-1918       54     0.01143  0.01137  0.50   68605     780   68214  1468697  21.41
1910-1918       55     0.01248  0.01240  0.50   67826     841   67403  1400484  20.65
1910-1918       56     0.01381  0.01371  0.50   66984     919   66523  1333080  19.90
1910-1918       57     0.01527  0.01516  0.50   66066    1001   65563  1266557  19.17
1910-1918       58     0.01691  0.01677  0.50   65064    1091   64516  1200994  18.46
1910-1918       59     0.01853  0.01836  0.50   63973    1175   63382  1136478  17.76
1910-1918       60     0.02023  0.02003  0.50   62799    1258   62167  1073096  17.09
1910-1918       61     0.02209  0.02184  0.50   61541    1344   60866  1010929  16.43
1910-1918       62     0.02406  0.02377  0.50   60197    1431   59477   950063  15.78
1910-1918       63     0.02610  0.02576  0.50   58766    1514   58005   890586  15.15
1910-1918       64     0.02859  0.02818  0.50   57252    1613   56440   832581  14.54
1910-1918       65     0.03095  0.03048  0.50   55639    1696   54786   776141  13.95
1910-1918       66     0.03326  0.03272  0.50   53943    1765   53055   721355  13.37
1910-1918       67     0.03635  0.03570  0.50   52178    1863   51242   668300  12.81
1910-1918       68     0.03947  0.03870  0.50   50316    1947   49335   617058  12.26
1910-1918       69     0.04210  0.04123  0.50   48368    1994   47365   567723  11.74
1910-1918       70     0.04585  0.04482  0.50   46374    2078   45330   520358  11.22
1910-1918       71     0.04901  0.04783  0.50   44296    2119   43231   475028  10.72
1910-1918       72     0.05356  0.05216  0.50   42177    2200   41071   431797  10.24
1910-1918       73     0.05745  0.05583  0.50   39977    2232   38855   390726   9.77
1910-1918       74     0.06214  0.06026  0.50   37745    2275   36602   351872   9.32
1910-1918       75     0.06650  0.06435  0.50   35471    2283   34324   315270   8.89
1910-1918       76     0.07182  0.06932  0.50   33188    2301   32033   280946   8.47
1910-1918       77     0.07700  0.07414  0.50   30888    2290   29738   248913   8.06
1910-1918       78     0.08296  0.07964  0.50   28598    2278   27454   219176   7.66
1910-1918       79     0.08957  0.08571  0.50   26320    2256   25187   191722   7.28
1910-1918       80     0.09611  0.09168  0.50   24064    2206   22955   166534   6.92
1910-1918       81     0.10239  0.09738  0.50   21858    2129   20788   143579   6.57
1910-1918       82     0.11109  0.10522  0.50   19729    2076   18687   122791   6.22
1910-1918       83     0.11982  0.11301  0.50   17653    1995   16651   104104   5.90
1910-1918       84     0.12827  0.12051  0.50   15658    1887   14711    87453   5.59
1910-1918       85     0.13937  0.13022  0.50   13771    1793   12867    72743   5.28
1910-1918       86     0.14826  0.13796  0.50   11978    1652   11146    59875   5.00
1910-1918       87     0.15863  0.14689  0.50   10326    1517    9561    48730   4.72
1910-1918       88     0.17019  0.15676  0.50    8809    1381    8114    39168   4.45
1910-1918       89     0.18331  0.16783  0.50    7428    1247    6801    31055   4.18
1910-1918       90     0.19738  0.17948  0.49    6181    1109    5621    24254   3.92
1910-1918       91     0.21448  0.19351  0.49    5072     981    4576    18633   3.67
1910-1918       92     0.23230  0.20793  0.50    4090     851    3661    14057   3.44
1910-1918       93     0.25265  0.22408  0.50    3240     726    2874    10396   3.21
1910-1918       94     0.26892  0.23688  0.50    2514     596    2214     7523   2.99
1910-1918       95     0.30350  0.26308  0.49    1918     505    1663     5308   2.77
1910-1918       96     0.33266  0.28474  0.49    1414     403    1210     3645   2.58
1910-1918       97     0.36954  0.31129  0.49    1011     315     852     2435   2.41
1910-1918       98     0.39205  0.32709  0.49     696     228     581     1583   2.27
1910-1918       99     0.41325  0.34174  0.49     469     160     388     1002   2.14
1910-1918      100     0.45190  0.36653  0.48     308     113     250      615   1.99
1910-1918      101     0.49584  0.39528  0.49     195      77     156      364   1.87
1910-1918      102     0.54327  0.42498  0.49     118      50      92      209   1.77
1910-1918      103     0.52494  0.41329  0.49      68      28      53      116   1.71
1910-1918      104     0.57801  0.44610  0.49      40      18      31       63   1.57
1910-1918      105     0.76944  0.55321  0.49      22      12      16       32   1.45
1910-1918      106     0.55393  0.42923  0.48      10       4       8       16   1.63
1910-1918      107     0.57236  0.44234  0.49       6       2       4        8   1.50
1910-1918      108     0.73502  0.53840  0.50       3       2       2        4   1.30
1910-1918      109     0.33308  0.28858  0.54       1       0       1        2   1.24
1910-1918      110+    1.90398  1.00000  0.53       1       1       1        1   0.53
