England and Wales, Total Population, Life tables (period 5x5), Males     Last modified: 03-Nov-2010, MPv5 (May07)

  Year          Age         mx       qx    ax      lx      dx      Lx       Tx     ex
1841-1844        0      0.17977  0.16045  0.33  100000   16045   89250  4059049  40.59
1841-1844      1-4      0.03652  0.13356  1.43   83955   11213  307014  3969799  47.28
1841-1844      5-9      0.00923  0.04489  2.03   72742    3266  354004  3662785  50.35
1841-1844     10-14     0.00492  0.02430  2.49   69476    1688  343141  3308782  47.62
1841-1844     15-19     0.00678  0.03338  2.66   67788    2262  333649  2965640  43.75
1841-1844     20-24     0.00905  0.04424  2.53   65526    2899  320470  2631991  40.17
1841-1844     25-29     0.00936  0.04574  2.49   62627    2865  305933  2311521  36.91
1841-1844     30-34     0.00947  0.04623  2.50   59762    2763  291912  2005588  33.56
1841-1844     35-39     0.01164  0.05662  2.58   56999    3228  277196  1713676  30.06
1841-1844     40-44     0.01284  0.06218  2.49   53772    3344  260451  1436480  26.71
1841-1844     45-49     0.01615  0.07775  2.60   50428    3921  242739  1176029  23.32
1841-1844     50-54     0.01872  0.08941  2.49   46507    4158  222113   933290  20.07
1841-1844     55-59     0.02744  0.12893  2.66   42349    5460  198985   711177  16.79
1841-1844     60-64     0.03409  0.15695  2.47   36889    5790  169824   512191  13.88
1841-1844     65-69     0.05467  0.24218  2.65   31099    7532  137768   342367  11.01
1841-1844     70-74     0.07743  0.32302  2.43   23568    7613   98312   204600   8.68
1841-1844     75-79     0.11901  0.45760  2.48   15955    7301   61351   106288   6.66
1841-1844     80-84     0.16348  0.57087  2.36    8654    4940   30220    44937   5.19
1841-1844     85-89     0.22838  0.69415  2.18    3714    2578   11288    14717   3.96
1841-1844     90-94     0.31425  0.80748  1.99    1136     917    2919     3429   3.02
1841-1844     95-99     0.41830  0.89106  1.78     219     195     466      511   2.33
1841-1844    100-104    0.52658  0.94012  1.58      24      22      43       45   1.88
1841-1844    105-109    0.63297  0.96688  1.41       1       1       2        2   1.57
1841-1844    110+       0.71522  1.00000  1.40       0       0       0        0   1.40
1845-1849        0      0.19212  0.17021  0.33  100000   17021   88596  3843249  38.43
1845-1849      1-4      0.03943  0.14317  1.42   82979   11880  301274  3754653  45.25
1845-1849      5-9      0.00981  0.04764  2.01   71100    3387  345380  3453378  48.57
1845-1849     10-14     0.00549  0.02709  2.51   67712    1835  333997  3107998  45.90
1845-1849     15-19     0.00736  0.03617  2.65   65878    2383  323791  2774001  42.11
1845-1849     20-24     0.01038  0.05061  2.55   63495    3214  309590  2450209  38.59
1845-1849     25-29     0.01044  0.05083  2.46   60281    3064  293636  2140619  35.51
1845-1849     30-34     0.01093  0.05323  2.52   57217    3046  278533  1846984  32.28
1845-1849     35-39     0.01239  0.06012  2.54   54171    3257  262841  1568450  28.95
1845-1849     40-44     0.01520  0.07326  2.54   50914    3730  245395  1305610  25.64
1845-1849     45-49     0.01689  0.08107  2.52   47184    3825  226445  1060215  22.47
1845-1849     50-54     0.02233  0.10592  2.57   43359    4593  205653   833770  19.23
1845-1849     55-59     0.02693  0.12627  2.54   38766    4895  181767   628117  16.20
1845-1849     60-64     0.04108  0.18694  2.60   33871    6332  154148   446350  13.18
1845-1849     65-69     0.05467  0.24057  2.51   27539    6625  121183   292202  10.61
1845-1849     70-74     0.08674  0.35695  2.52   20914    7465   86065   171019   8.18
1845-1849     75-79     0.12534  0.47256  2.40   13449    6356   50707    84954   6.32
1845-1849     80-84     0.17819  0.60422  2.34    7093    4286   24053    34247   4.83
1845-1849     85-89     0.25241  0.73209  2.13    2807    2055    8143    10195   3.63
1845-1849     90-94     0.35159  0.84430  1.92     752     635    1806     2052   2.73
1845-1849     95-99     0.46840  0.91809  1.69     117     108     230      246   2.10
1845-1849    100-104    0.58531  0.95724  1.49      10       9      16       16   1.70
1845-1849    105-109    0.69415  0.97672  1.32       0       0       1        1   1.44
1845-1849    110+       0.77457  1.00000  1.29       0       0       0        0   1.29
1850-1854        0      0.18958  0.16821  0.33  100000   16821   88730  3988388  39.88
1850-1854      1-4      0.03673  0.13411  1.40   83179   11155  303691  3899659  46.88
1850-1854      5-9      0.00900  0.04381  2.04   72024    3156  350769  3595967  49.93
1850-1854     10-14     0.00510  0.02518  2.51   68868    1734  340028  3245198  47.12
1850-1854     15-19     0.00694  0.03414  2.64   67134    2292  330266  2905170  43.27
1850-1854     20-24     0.00919  0.04494  2.54   64842    2914  317034  2574904  39.71
1850-1854     25-29     0.00952  0.04649  2.48   61928    2879  302390  2257870  36.46
1850-1854     30-34     0.00994  0.04852  2.52   59049    2865  288146  1955481  33.12
1850-1854     35-39     0.01171  0.05690  2.55   56184    3197  273090  1667335  29.68
1850-1854     40-44     0.01377  0.06659  2.54   52987    3529  256252  1394245  26.31
1850-1854     45-49     0.01686  0.08098  2.55   49458    4005  237477  1137993  23.01
1850-1854     50-54     0.02013  0.09591  2.54   45453    4359  216547   900516  19.81
1850-1854     55-59     0.02710  0.12718  2.58   41094    5226  192821   683969  16.64
1850-1854     60-64     0.03564  0.16390  2.55   35868    5879  164952   491148  13.69
1850-1854     65-69     0.05472  0.24151  2.57   29989    7243  132369   326196  10.88
1850-1854     70-74     0.07870  0.32848  2.48   22746    7472   94939   193828   8.52
1850-1854     75-79     0.12151  0.46377  2.45   15275    7084   58300    98889   6.47
1850-1854     80-84     0.17467  0.59690  2.35    8191    4889   27990    40589   4.96
1850-1854     85-89     0.23934  0.71141  2.15    3302    2349    9814    12598   3.82
1850-1854     90-94     0.32599  0.81921  1.96     953     781    2394     2784   2.92
1850-1854     95-99     0.43253  0.89914  1.75     172     155     358      390   2.26
1850-1854    100-104    0.53975  0.94425  1.56      17      16      30       32   1.84
1850-1854    105-109    0.64398  0.96880  1.39       1       1       1        1   1.55
1850-1854    110+       0.72411  1.00000  1.38       0       0       0        0   1.38
1855-1859        0      0.18730  0.16642  0.33  100000   16642   88850  4029337  40.29
1855-1859      1-4      0.03714  0.13556  1.42   83358   11300  304263  3940487  47.27
1855-1859      5-9      0.00877  0.04272  2.00   72058    3078  351055  3636223  50.46
1855-1859     10-14     0.00490  0.02422  2.52   68980    1671  340759  3285169  47.63
1855-1859     15-19     0.00655  0.03227  2.64   67309    2172  331417  2944410  43.74
1855-1859     20-24     0.00884  0.04327  2.54   65137    2818  318762  2612993  40.12
1855-1859     25-29     0.00902  0.04409  2.48   62319    2748  304659  2294231  36.81
1855-1859     30-34     0.00960  0.04687  2.53   59571    2792  290955  1989572  33.40
1855-1859     35-39     0.01107  0.05389  2.54   56779    3060  276379  1698617  29.92
1855-1859     40-44     0.01350  0.06535  2.55   53719    3510  259995  1422239  26.48
1855-1859     45-49     0.01582  0.07613  2.54   50209    3823  241640  1162244  23.15
1855-1859     50-54     0.02039  0.09713  2.57   46386    4505  220969   920603  19.85
1855-1859     55-59     0.02529  0.11906  2.55   41881    4986  197175   699634  16.71
1855-1859     60-64     0.03743  0.17173  2.60   36895    6336  169263   502459  13.62
1855-1859     65-69     0.05272  0.23320  2.53   30559    7126  135175   333196  10.90
1855-1859     70-74     0.08087  0.33678  2.52   23432    7892   97583   198021   8.45
1855-1859     75-79     0.11985  0.45770  2.42   15541    7113   59347   100438   6.46
1855-1859     80-84     0.17700  0.60205  2.34    8428    5074   28667    41091   4.88
1855-1859     85-89     0.24692  0.72365  2.14    3354    2427    9829    12424   3.70
1855-1859     90-94     0.34170  0.83508  1.94     927     774    2265     2595   2.80
1855-1859     95-99     0.45523  0.91157  1.71     153     139     306      330   2.16
1855-1859    100-104    0.56882  0.95293  1.51      14      13      23       24   1.74
1855-1859    105-109    0.67632  0.97417  1.35       1       1       1        1   1.47
1855-1859    110+       0.75699  1.00000  1.32       0       0       0        0   1.32
1860-1864        0      0.18135  0.16170  0.33  100000   16170   89166  4034908  40.35
1860-1864      1-4      0.03776  0.13747  1.39   83830   11524  305214  3945742  47.07
1860-1864      5-9      0.00842  0.04105  1.98   72306    2968  352561  3640528  50.35
1860-1864     10-14     0.00459  0.02270  2.54   69337    1574  342813  3287967  47.42
1860-1864     15-19     0.00639  0.03147  2.64   67764    2132  333784  2945154  43.46
1860-1864     20-24     0.00846  0.04144  2.55   65631    2720  321490  2611369  39.79
1860-1864     25-29     0.00905  0.04427  2.50   62911    2785  307591  2289879  36.40
1860-1864     30-34     0.00986  0.04813  2.54   60126    2894  293513  1982288  32.97
1860-1864     35-39     0.01199  0.05823  2.55   57233    3332  278003  1688776  29.51
1860-1864     40-44     0.01382  0.06680  2.52   53900    3601  260586  1410772  26.17
1860-1864     45-49     0.01657  0.07962  2.56   50300    4005  241708  1150186  22.87
1860-1864     50-54     0.02052  0.09773  2.56   46295    4524  220432   908478  19.62
1860-1864     55-59     0.02814  0.13172  2.57   41770    5502  195505   688046  16.47
1860-1864     60-64     0.03694  0.16933  2.55   36268    6141  166269   492540  13.58
1860-1864     65-69     0.05545  0.24429  2.57   30127    7360  132727   326271  10.83
1860-1864     70-74     0.07943  0.33093  2.48   22767    7534   94856   193544   8.50
1860-1864     75-79     0.12065  0.46111  2.45   15233    7024   58221    98688   6.48
1860-1864     80-84     0.17604  0.60022  2.35    8209    4927   27989    40467   4.93
1860-1864     85-89     0.24051  0.71314  2.15    3282    2340    9731    12478   3.80
1860-1864     90-94     0.32644  0.81937  1.96     941     771    2363     2747   2.92
1860-1864     95-99     0.43343  0.89960  1.75     170     153     353      384   2.26
1860-1864    100-104    0.54026  0.94439  1.56      17      16      30       31   1.83
1860-1864    105-109    0.64407  0.96880  1.39       1       1       1        1   1.55
1860-1864    110+       0.72390  1.00000  1.38       0       0       0        0   1.38
1865-1869        0      0.19132  0.16958  0.33  100000   16958   88638  4003485  40.03
1865-1869      1-4      0.03500  0.12809  1.35   83042   10636  303942  3914847  47.14
1865-1869      5-9      0.00775  0.03786  2.05   72405    2741  353951  3610905  49.87
1865-1869     10-14     0.00440  0.02175  2.51   69664    1515  344547  3256955  46.75
1865-1869     15-19     0.00615  0.03032  2.66   68149    2066  335920  2912408  42.74
1865-1869     20-24     0.00860  0.04212  2.56   66083    2783  323616  2576488  38.99
1865-1869     25-29     0.00951  0.04645  2.52   63300    2940  309203  2252872  35.59
1865-1869     30-34     0.01098  0.05344  2.54   60359    3225  293875  1943669  32.20
1865-1869     35-39     0.01275  0.06179  2.54   57134    3530  276968  1649794  28.88
1865-1869     40-44     0.01517  0.07311  2.54   53603    3919  258362  1372827  25.61
1865-1869     45-49     0.01741  0.08344  2.53   49684    4146  238181  1114464  22.43
1865-1869     50-54     0.02246  0.10647  2.57   45539    4849  215903   876283  19.24
1865-1869     55-59     0.02838  0.13266  2.54   40690    5398  190188   660380  16.23
1865-1869     60-64     0.04015  0.18289  2.57   35292    6455  160778   470193  13.32
1865-1869     65-69     0.05476  0.24102  2.52   28838    6950  126919   309415  10.73
1865-1869     70-74     0.08288  0.34354  2.51   21887    7519   90725   182496   8.34
1865-1869     75-79     0.12214  0.46406  2.41   14368    6668   54590    91770   6.39
1865-1869     80-84     0.18088  0.61050  2.34    7700    4701   25990    37181   4.83
1865-1869     85-89     0.24604  0.72144  2.13    2999    2164    8795    11191   3.73
1865-1869     90-94     0.33288  0.82570  1.95     835     690    2072     2396   2.87
1865-1869     95-99     0.44060  0.90345  1.74     146     132     299      324   2.23
1865-1869    100-104    0.54722  0.94647  1.54      14      13      24       25   1.81
1865-1869    105-109    0.65024  0.96985  1.38       1       1       1        1   1.53
1865-1869    110+       0.72920  1.00000  1.37       0       0       0        0   1.37
1870-1874        0      0.18686  0.16607  0.33  100000   16607   88873  4058886  40.59
1870-1874      1-4      0.03271  0.12048  1.37   83393   10047  307147  3970013  47.61
1870-1874      5-9      0.00766  0.03746  2.02   73346    2747  358535  3662865  49.94
1870-1874     10-14     0.00413  0.02045  2.52   70599    1444  349411  3304330  46.80
1870-1874     15-19     0.00583  0.02874  2.66   69155    1987  341115  2954919  42.73
1870-1874     20-24     0.00818  0.04008  2.58   67167    2692  329332  2613803  38.91
1870-1874     25-29     0.00954  0.04660  2.52   64475    3004  314930  2284472  35.43
1870-1874     30-34     0.01079  0.05254  2.55   61470    3230  299427  1969541  32.04
1870-1874     35-39     0.01309  0.06340  2.55   58241    3692  282155  1670114  28.68
1870-1874     40-44     0.01526  0.07354  2.53   54548    4012  262824  1387959  25.44
1870-1874     45-49     0.01834  0.08774  2.54   50537    4434  241788  1125134  22.26
1870-1874     50-54     0.02190  0.10388  2.54   46103    4789  218720   883347  19.16
1870-1874     55-59     0.02924  0.13651  2.58   41314    5640  192902   664627  16.09
1870-1874     60-64     0.03956  0.18034  2.55   35674    6434  162628   471726  13.22
1870-1874     65-69     0.05896  0.25749  2.54   29241    7529  127708   309097  10.57
1870-1874     70-74     0.08253  0.34124  2.47   21711    7409   89776   181390   8.35
1870-1874     75-79     0.12199  0.46458  2.43   14303    6645   54469    91614   6.41
1870-1874     80-84     0.18010  0.60863  2.34    7658    4661   25879    37145   4.85
1870-1874     85-89     0.24403  0.71826  2.14    2997    2153    8821    11266   3.76
1870-1874     90-94     0.32968  0.82254  1.95     844     695    2107     2444   2.89
1870-1874     95-99     0.43510  0.90034  1.74     150     135     310      337   2.25
1870-1874    100-104    0.54022  0.94426  1.56      15      14      26       27   1.83
1870-1874    105-109    0.64241  0.96845  1.39       1       1       1        1   1.55
1870-1874    110+       0.72115  1.00000  1.39       0       0       0        0   1.39
1875-1879        0      0.17850  0.15943  0.33  100000   15943   89318  4177043  41.77
1875-1879      1-4      0.03084  0.11396  1.32   84057    9579  310561  4087725  48.63
1875-1879      5-9      0.00648  0.03179  2.02   74478    2367  365344  3777164  50.72
1875-1879     10-14     0.00359  0.01780  2.52   72110    1283  357367  3411820  47.31
1875-1879     15-19     0.00507  0.02503  2.66   70827    1773  349992  3054453  43.13
1875-1879     20-24     0.00700  0.03444  2.57   69054    2378  339491  2704460  39.16
1875-1879     25-29     0.00830  0.04069  2.56   66676    2713  326750  2364970  35.47
1875-1879     30-34     0.01010  0.04930  2.56   63963    3153  312121  2038220  31.87
1875-1879     35-39     0.01248  0.06057  2.57   60810    3683  295083  1726098  28.39
1875-1879     40-44     0.01576  0.07587  2.55   57126    4334  275008  1431015  25.05
1875-1879     45-49     0.01823  0.08723  2.53   52792    4605  252572  1156007  21.90
1875-1879     50-54     0.02332  0.11034  2.57   48187    5317  227997   903435  18.75
1875-1879     55-59     0.02955  0.13772  2.54   42870    5904  199827   675437  15.76
1875-1879     60-64     0.04234  0.19196  2.57   36966    7096  167615   475610  12.87
1875-1879     65-69     0.05934  0.25855  2.51   29870    7723  130157   307995  10.31
1875-1879     70-74     0.08721  0.35761  2.49   22147    7920   90820   177838   8.03
1875-1879     75-79     0.12675  0.47681  2.40   14227    6784   53519    87018   6.12
1875-1879     80-84     0.19632  0.64281  2.32    7443    4785   24371    33500   4.50
1875-1879     85-89     0.27033  0.75643  2.09    2659    2011    7439     9128   3.43
1875-1879     90-94     0.36961  0.85857  1.88     648     556    1504     1689   2.61
1875-1879     95-99     0.48920  0.92682  1.65      92      85     174      185   2.02
1875-1879    100-104    0.60308  0.96116  1.46       7       6      11       11   1.65
1875-1879    105-109    0.70756  0.97834  1.30       0       0       0        0   1.41
1875-1879    110+       0.78424  1.00000  1.28       0       0       0        0   1.28
1880-1884        0      0.17087  0.15332  0.33  100000   15332   89728  4330781  43.31
1880-1884      1-4      0.02910  0.10800  1.32   84668    9144  314188  4241053  50.09
1880-1884      5-9      0.00615  0.03017  1.98   75525    2279  370742  3926865  51.99
1880-1884     10-14     0.00322  0.01598  2.55   73246    1170  363359  3556123  48.55
1880-1884     15-19     0.00466  0.02306  2.63   72075    1662  356441  3192764  44.30
1880-1884     20-24     0.00601  0.02962  2.58   70414    2086  347014  2836323  40.28
1880-1884     25-29     0.00727  0.03572  2.56   68328    2441  335681  2489309  36.43
1880-1884     30-34     0.00912  0.04464  2.59   65887    2941  322357  2153628  32.69
1880-1884     35-39     0.01178  0.05724  2.56   62946    3603  305929  1831272  29.09
1880-1884     40-44     0.01401  0.06773  2.55   59343    4019  286854  1525343  25.70
1880-1884     45-49     0.01744  0.08362  2.56   55324    4626  265331  1238489  22.39
1880-1884     50-54     0.02179  0.10343  2.56   50697    5244  240672   973158  19.20
1880-1884     55-59     0.02974  0.13866  2.57   45454    6303  211944   732487  16.12
1880-1884     60-64     0.03893  0.17761  2.54   39151    6954  178620   520543  13.30
1880-1884     65-69     0.05699  0.25012  2.56   32197    8053  141315   341923  10.62
1880-1884     70-74     0.08275  0.34236  2.48   24144    8266   99887   200608   8.31
1880-1884     75-79     0.12219  0.46466  2.42   15878    7378   60382   100721   6.34
1880-1884     80-84     0.18657  0.62280  2.33    8500    5294   28374    40339   4.75
1880-1884     85-89     0.24698  0.72215  2.13    3206    2315    9375    11965   3.73
1880-1884     90-94     0.32820  0.82027  1.95     891     731    2227     2590   2.91
1880-1884     95-99     0.43204  0.89823  1.75     160     144     333      363   2.27
1880-1884    100-104    0.53276  0.94161  1.57      16      15      29       30   1.86
1880-1884    105-109    0.63134  0.96625  1.41       1       1       1        2   1.58
1880-1884    110+       0.70790  1.00000  1.41       0       0       0        0   1.41
1885-1889        0      0.17285  0.15491  0.33  100000   15491   89621  4434090  44.34
1885-1889      1-4      0.02664  0.09931  1.26   84509    8393  315023  4344468  51.41
1885-1889      5-9      0.00484  0.02386  2.03   76116    1816  375196  4029446  52.94
1885-1889     10-14     0.00279  0.01386  2.56   74301    1030  368987  3654250  49.18
1885-1889     15-19     0.00423  0.02093  2.66   73271    1533  362769  3285263  44.84
1885-1889     20-24     0.00549  0.02711  2.55   71737    1945  353923  2922494  40.74
1885-1889     25-29     0.00655  0.03226  2.58   69793    2251  343509  2568571  36.80
1885-1889     30-34     0.00824  0.04039  2.58   67541    2728  331097  2225062  32.94
1885-1889     35-39     0.01069  0.05208  2.59   64813    3376  315929  1893965  29.22
1885-1889     40-44     0.01359  0.06575  2.55   61438    4039  297295  1578036  25.69
1885-1889     45-49     0.01650  0.07930  2.56   57398    4552  275897  1280741  22.31
1885-1889     50-54     0.02230  0.10577  2.58   52847    5590  250704  1004844  19.01
1885-1889     55-59     0.02866  0.13387  2.55   47257    6327  220759   754140  15.96
1885-1889     60-64     0.04084  0.18581  2.58   40930    7605  186231   533381  13.03
1885-1889     65-69     0.05795  0.25334  2.52   33325    8443  145678   347150  10.42
1885-1889     70-74     0.08635  0.35486  2.49   24882    8830  102259   201472   8.10
1885-1889     75-79     0.12590  0.47445  2.40   16053    7616   60495    99213   6.18
1885-1889     80-84     0.19180  0.63369  2.32    8437    5346   27873    38718   4.59
1885-1889     85-89     0.26409  0.74764  2.10    3090    2311    8749    10845   3.51
1885-1889     90-94     0.35748  0.84786  1.90     780     661    1850     2096   2.69
1885-1889     95-99     0.47470  0.92048  1.67     119     109     230      246   2.07
1885-1889    100-104    0.58655  0.95728  1.48       9       9      15       16   1.69
1885-1889    105-109    0.69084  0.97614  1.33       0       0       1        1   1.44
1885-1889    110+       0.76847  1.00000  1.30       0       0       0        0   1.30
1890-1894        0      0.18028  0.16085  0.33  100000   16085   89223  4378523  43.79
1890-1894      1-4      0.02606  0.09731  1.27   83915    8165  313372  4289300  51.11
1890-1894      5-9      0.00481  0.02372  1.99   75750    1797  373336  3975928  52.49
1890-1894     10-14     0.00263  0.01306  2.59   73952     966  367430  3602593  48.71
1890-1894     15-19     0.00411  0.02037  2.65   72986    1487  361431  3235162  44.33
1890-1894     20-24     0.00530  0.02615  2.58   71499    1870  352974  2873731  40.19
1890-1894     25-29     0.00655  0.03223  2.56   69630    2244  342676  2520757  36.20
1890-1894     30-34     0.00823  0.04035  2.60   67385    2719  330405  2178081  32.32
1890-1894     35-39     0.01096  0.05340  2.58   64666    3453  314976  1847676  28.57
1890-1894     40-44     0.01416  0.06844  2.58   61213    4190  295928  1532701  25.04
1890-1894     45-49     0.01826  0.08740  2.55   57023    4984  272925  1236773  21.69
1890-1894     50-54     0.02286  0.10828  2.57   52039    5635  246477   963848  18.52
1890-1894     55-59     0.03159  0.14672  2.57   46405    6808  215502   717371  15.46
1890-1894     60-64     0.04306  0.19472  2.54   39596    7710  179039   501869  12.67
1890-1894     65-69     0.06339  0.27406  2.53   31886    8739  137844   322830  10.12
1890-1894     70-74     0.08864  0.36138  2.45   23147    8365   94368   184986   7.99
1890-1894     75-79     0.12625  0.47601  2.42   14783    7037   55736    90618   6.13
1890-1894     80-84     0.19597  0.64259  2.32    7746    4977   25399    34881   4.50
1890-1894     85-89     0.27048  0.75701  2.09    2768    2096    7748     9482   3.43
1890-1894     90-94     0.37419  0.86309  1.88     673     581    1552     1734   2.58
1890-1894     95-99     0.49755  0.93037  1.64      92      86     172      183   1.98
1890-1894    100-104    0.61414  0.96362  1.44       6       6      10       10   1.62
1890-1894    105-109    0.71978  0.97985  1.29       0       0       0        0   1.39
1890-1894    110+       0.79636  1.00000  1.26       0       0       0        0   1.26
1895-1899        0      0.19281  0.17075  0.33  100000   17075   88560  4486499  44.86
1895-1899      1-4      0.02415  0.09055  1.24   82925    7509  310969  4397939  53.04
1895-1899      5-9      0.00412  0.02035  1.99   75416    1535  372463  4086971  54.19
1895-1899     10-14     0.00236  0.01172  2.58   73881     866  367309  3714508  50.28
1895-1899     15-19     0.00358  0.01774  2.66   73015    1296  362043  3347199  45.84
1895-1899     20-24     0.00478  0.02362  2.56   71719    1694  354470  2985156  41.62
1895-1899     25-29     0.00572  0.02822  2.58   70025    1976  345344  2630685  37.57
1895-1899     30-34     0.00727  0.03574  2.58   68049    2432  334361  2285341  33.58
1895-1899     35-39     0.00960  0.04690  2.61   65617    3077  320720  1950980  29.73
1895-1899     40-44     0.01260  0.06115  2.57   62540    3824  303402  1630261  26.07
1895-1899     45-49     0.01596  0.07684  2.58   58716    4512  282642  1326859  22.60
1895-1899     50-54     0.02129  0.10123  2.57   54204    5487  257675  1044217  19.26
1895-1899     55-59     0.02786  0.13047  2.57   48717    6356  228137   786541  16.15
1895-1899     60-64     0.04083  0.18579  2.58   42361    7870  192768   558405  13.18
1895-1899     65-69     0.05779  0.25266  2.51   34491    8715  150790   365637  10.60
1895-1899     70-74     0.08270  0.34233  2.49   25776    8824  106695   214846   8.34
1895-1899     75-79     0.11837  0.45301  2.41   16952    7680   64878   108151   6.38
1895-1899     80-84     0.18955  0.63034  2.34    9273    5845   30835    43274   4.67
1895-1899     85-89     0.25406  0.73321  2.12    3428    2513    9892    12439   3.63
1895-1899     90-94     0.34363  0.83590  1.93     914     764    2225     2546   2.78
1895-1899     95-99     0.45851  0.91269  1.70     150     137     299      322   2.14
1895-1899    100-104    0.56696  0.95214  1.51      13      12      22       23   1.75
1895-1899    105-109    0.66998  0.97306  1.35       1       1       1        1   1.49
1895-1899    110+       0.74793  1.00000  1.34       0       0       0        0   1.34
1900-1904        0      0.17347  0.15541  0.33  100000   15541   89588  4660051  46.60
1900-1904      1-4      0.02116  0.08001  1.26   84459    6757  319345  4570463  54.11
1900-1904      5-9      0.00389  0.01923  2.00   77702    1494  384022  4251118  54.71
1900-1904     10-14     0.00220  0.01097  2.58   76208     836  379021  3867096  50.74
1900-1904     15-19     0.00336  0.01669  2.65   75372    1258  373908  3488075  46.28
1900-1904     20-24     0.00449  0.02221  2.58   74114    1646  366591  3114168  42.02
1900-1904     25-29     0.00540  0.02666  2.56   72468    1932  357622  2747577  37.91
1900-1904     30-34     0.00681  0.03353  2.61   70536    2365  347025  2389955  33.88
1900-1904     35-39     0.00914  0.04473  2.57   68171    3049  333462  2042930  29.97
1900-1904     40-44     0.01172  0.05699  2.59   65122    3711  316683  1709469  26.25
1900-1904     45-49     0.01561  0.07518  2.57   61411    4617  295826  1392785  22.68
1900-1904     50-54     0.02065  0.09837  2.59   56794    5587  270525  1096960  19.31
1900-1904     55-59     0.02912  0.13595  2.56   51207    6962  239066   826435  16.14
1900-1904     60-64     0.03894  0.17783  2.56   44246    7868  202060   587368  13.28
1900-1904     65-69     0.05800  0.25382  2.54   36377    9233  159207   385309  10.59
1900-1904     70-74     0.08312  0.34330  2.47   27144    9319  112116   226102   8.33
1900-1904     75-79     0.11955  0.45698  2.42   17826    8146   68136   113987   6.39
1900-1904     80-84     0.18818  0.62604  2.33    9680    6060   32203    45851   4.74
1900-1904     85-89     0.24570  0.71941  2.12    3620    2604   10599    13648   3.77
1900-1904     90-94     0.31668  0.80623  1.96    1016     819    2586     3049   3.00
1900-1904     95-99     0.41554  0.88792  1.78     197     175     421      463   2.35
1900-1904    100-104    0.50925  0.93300  1.60      22      21      40       43   1.94
1900-1904    105-109    0.60263  0.96007  1.45       1       1       2        2   1.65
1900-1904    110+       0.67630  1.00000  1.48       0       0       0        0   1.48
1905-1909        0      0.14617  0.13314  0.33  100000   13314   91080  4952757  49.53
1905-1909      1-4      0.01769  0.06750  1.27   86686    5851  330768  4861677  56.08
1905-1909      5-9      0.00343  0.01700  2.06   80835    1374  400137  4530909  56.05
1905-1909     10-14     0.00204  0.01015  2.57   79461     806  395344  4130772  51.98
1905-1909     15-19     0.00312  0.01546  2.66   78655    1216  390422  3735428  47.49
1905-1909     20-24     0.00397  0.01968  2.55   77439    1524  383462  3345006  43.20
1905-1909     25-29     0.00474  0.02344  2.58   75915    1779  375266  2961544  39.01
1905-1909     30-34     0.00594  0.02926  2.58   74135    2169  365417  2586278  34.89
1905-1909     35-39     0.00777  0.03816  2.62   71966    2746  353285  2220861  30.86
1905-1909     40-44     0.01038  0.05063  2.57   69220    3504  337579  1867576  26.98
1905-1909     45-49     0.01361  0.06589  2.61   65716    4330  318243  1529997  23.28
1905-1909     50-54     0.01901  0.09087  2.58   61385    5578  293440  1211754  19.74
1905-1909     55-59     0.02653  0.12469  2.60   55808    6959  262333   918314  16.45
1905-1909     60-64     0.03832  0.17517  2.55   48849    8557  223276   655982  13.43
1905-1909     65-69     0.05435  0.23992  2.56   40292    9667  177852   432706  10.74
1905-1909     70-74     0.08255  0.34208  2.50   30625   10476  126911   254853   8.32
1905-1909     75-79     0.12102  0.46053  2.41   20149    9279   76677   127942   6.35
1905-1909     80-84     0.18563  0.61984  2.32   10870    6737   36294    51265   4.72
1905-1909     85-89     0.25214  0.73166  2.13    4132    3023   11991    14971   3.62
1905-1909     90-94     0.35872  0.85153  1.92    1109     944    2632     2980   2.69
1905-1909     95-99     0.46575  0.91649  1.69     165     151     324      348   2.11
1905-1909    100-104    0.57830  0.95530  1.50      14      13      23       24   1.72
1905-1909    105-109    0.68398  0.97522  1.33       1       1       1        1   1.46
1905-1909    110+       0.76295  1.00000  1.31       0       0       0        0   1.31
1910-1914        0      0.13021  0.11977  0.33  100000   11977   91976  5083931  50.84
1910-1914      1-4      0.01589  0.06090  1.26   88023    5360  337403  4991956  56.71
1910-1914      5-9      0.00324  0.01604  2.05   82663    1326  409405  4654552  56.31
1910-1914     10-14     0.00195  0.00970  2.50   81337     789  404712  4245148  52.19
1910-1914     15-19     0.00387  0.01920  2.89   80548    1547  399479  3840436  47.68
1910-1914     20-24     0.00526  0.02596  2.48   79001    2051  389838  3440956  43.56
1910-1914     25-29     0.00524  0.02588  2.50   76950    1991  379779  3051119  39.65
1910-1914     30-34     0.00584  0.02881  2.57   74959    2159  369546  2671340  35.64
1910-1914     35-39     0.00728  0.03576  2.57   72800    2603  357666  2301794  31.62
1910-1914     40-44     0.00916  0.04481  2.57   70196    3145  343351  1944128  27.70
1910-1914     45-49     0.01253  0.06084  2.59   67051    4079  325444  1600777  23.87
1910-1914     50-54     0.01749  0.08396  2.62   62972    5287  302287  1275333  20.25
1910-1914     55-59     0.02455  0.11594  2.61   57685    6688  272416   973045  16.87
1910-1914     60-64     0.03637  0.16721  2.59   50997    8527  234438   700629  13.74
1910-1914     65-69     0.05133  0.22784  2.54   42470    9676  188515   466191  10.98
1910-1914     70-74     0.08145  0.33978  2.56   32793   11142  136804   277676   8.47
1910-1914     75-79     0.11828  0.45172  2.39   21651    9780   82685   140872   6.51
1910-1914     80-84     0.17301  0.59232  2.34   11871    7031   40642    58188   4.90
1910-1914     85-89     0.25577  0.73585  2.11    4839    3561   13923    17546   3.63
1910-1914     90-94     0.33515  0.82699  1.94    1278    1057    3154     3623   2.83
1910-1914     95-99     0.46353  0.91589  1.70     221     203     437      469   2.12
1910-1914    100-104    0.58096  0.95622  1.49      19      18      31       32   1.71
1910-1914    105-109    0.69069  0.97628  1.33       1       1       1        1   1.44
1910-1914    110+       0.77194  1.00000  1.30       0       0       0        0   1.30
1915-1919        0      0.11297  0.10502  0.33  100000   10502   92963  4031824  40.32
1915-1919      1-4      0.01655  0.06340  1.35   89498    5674  342941  3938861  44.01
1915-1919      5-9      0.00393  0.01944  2.09   83823    1629  414377  3595920  42.90
1915-1919     10-14     0.00250  0.01240  2.54   82194    1019  408463  3181542  38.71
1915-1919     15-19     0.01576  0.07692  3.44   81174    6244  396147  2773079  34.16
1915-1919     20-24     0.03473  0.15941  2.43   74930   11945  343929  2376932  31.72
1915-1919     25-29     0.02933  0.13600  2.33   62985    8566  292017  2033003  32.28
1915-1919     30-34     0.01946  0.09241  2.28   54419    5029  258420  1740986  31.99
1915-1919     35-39     0.01409  0.06794  2.40   49390    3356  238225  1482566  30.02
1915-1919     40-44     0.01203  0.05836  2.43   46035    2687  223273  1244341  27.03
1915-1919     45-49     0.01309  0.06342  2.57   43348    2749  210060  1021068  23.56
1915-1919     50-54     0.01754  0.08416  2.59   40599    3417  194749   811009  19.98
1915-1919     55-59     0.02443  0.11550  2.64   37182    4294  175792   616259  16.57
1915-1919     60-64     0.03644  0.16750  2.59   32888    5509  151188   440467  13.39
1915-1919     65-69     0.05396  0.23864  2.58   27379    6534  121093   289279  10.57
1915-1919     70-74     0.08517  0.35184  2.53   20846    7334   86112   168186   8.07
1915-1919     75-79     0.13046  0.48588  2.37   13511    6565   50319    82074   6.07
1915-1919     80-84     0.18753  0.62331  2.31    6946    4330   23089    31754   4.57
1915-1919     85-89     0.28348  0.77405  2.07    2617    2025    7145     8665   3.31
1915-1919     90-94     0.37339  0.86135  1.87     591     509    1364     1520   2.57
1915-1919     95-99     0.51730  0.93830  1.60      82      77     149      157   1.91
1915-1919    100-104    0.64180  0.96919  1.40       5       5       8        8   1.55
1915-1919    105-109    0.75072  0.98323  1.25       0       0       0        0   1.33
1915-1919    110+       0.82674  1.00000  1.21       0       0       0        0   1.21
1920-1924        0      0.09352  0.08775  0.30  100000    8775   93823  5608722  56.09
1920-1924      1-4      0.01088  0.04227  1.30   91225    3856  354495  5514899  60.45
1920-1924      5-9      0.00275  0.01364  2.13   87369    1191  433422  5160404  59.06
1920-1924     10-14     0.00175  0.00872  2.52   86177     751  429024  4726982  54.85
1920-1924     15-19     0.00275  0.01368  2.70   85426    1168  424443  4297958  50.31
1920-1924     20-24     0.00363  0.01801  2.56   84258    1518  417585  3873515  45.97
1920-1924     25-29     0.00392  0.01942  2.54   82740    1607  409750  3455930  41.77
1920-1924     30-34     0.00457  0.02259  2.59   81133    1833  401248  3046181  37.55
1920-1924     35-39     0.00591  0.02916  2.60   79300    2312  390960  2644933  33.35
1920-1924     40-44     0.00741  0.03638  2.58   76988    2801  378168  2253972  29.28
1920-1924     45-49     0.00992  0.04845  2.59   74187    3594  362275  1875804  25.28
1920-1924     50-54     0.01378  0.06673  2.66   70593    4711  341918  1513530  21.44
1920-1924     55-59     0.02028  0.09675  2.64   65882    6374  314381  1171611  17.78
1920-1924     60-64     0.03081  0.14363  2.65   59508    8547  277413   857230  14.41
1920-1924     65-69     0.04755  0.21330  2.59   50961   10870  228589   579817  11.38
1920-1924     70-74     0.07396  0.31341  2.57   40091   12565  169884   351228   8.76
1920-1924     75-79     0.11549  0.44541  2.43   27526   12260  106163   181344   6.59
1920-1924     80-84     0.17107  0.58815  2.34   15265    8978   52485    75181   4.92
1920-1924     85-89     0.25637  0.73767  2.12    6287    4638   18090    22696   3.61
1920-1924     90-94     0.34089  0.83618  1.95    1649    1379    4046     4606   2.79
1920-1924     95-99     0.47451  0.92127  1.68     270     249     525      560   2.07
1920-1924    100-104    0.59646  0.96008  1.47      21      20      34       35   1.67
1920-1924    105-109    0.70847  0.97865  1.30       1       1       1        1   1.41
1920-1924    110+       0.78991  1.00000  1.27       0       0       0        0   1.27
1925-1929        0      0.08314  0.07837  0.27  100000    7837   94264  5725527  57.26
1925-1929      1-4      0.00978  0.03810  1.30   92163    3512  359156  5631262  61.10
1925-1929      5-9      0.00249  0.01234  2.13   88651    1094  440110  5272107  59.47
1925-1929     10-14     0.00163  0.00813  2.56   87557     712  436049  4831997  55.19
1925-1929     15-19     0.00261  0.01299  2.69   86845    1128  431618  4395948  50.62
1925-1929     20-24     0.00327  0.01623  2.50   85716    1391  425098  3964330  46.25
1925-1929     25-29     0.00348  0.01724  2.54   84325    1454  418047  3539232  41.97
1925-1929     30-34     0.00399  0.01974  2.58   82872    1636  410394  3121184  37.66
1925-1929     35-39     0.00529  0.02613  2.64   81236    2122  401161  2710790  33.37
1925-1929     40-44     0.00732  0.03596  2.60   79113    2845  388730  2309630  29.19
1925-1929     45-49     0.00989  0.04829  2.62   76268    3683  372591  1920900  25.19
1925-1929     50-54     0.01375  0.06660  2.62   72585    4834  351437  1548309  21.33
1925-1929     55-59     0.01984  0.09478  2.66   67751    6422  323708  1196872  17.67
1925-1929     60-64     0.03033  0.14149  2.64   61329    8677  286129   873165  14.24
1925-1929     65-69     0.04845  0.21686  2.58   52652   11418  235671   587036  11.15
1925-1929     70-74     0.07591  0.32012  2.55   41234   13200  173891   351365   8.52
1925-1929     75-79     0.12241  0.46547  2.43   28034   13049  106597   177473   6.33
1925-1929     80-84     0.17932  0.60677  2.34   14985    9093   50705    70876   4.73
1925-1929     85-89     0.27235  0.75909  2.08    5893    4473   16424    20172   3.42
1925-1929     90-94     0.36272  0.85573  1.91    1420    1215    3349     3748   2.64
1925-1929     95-99     0.50619  0.93442  1.62     205     191     378      399   1.95
1925-1929    100-104    0.63230  0.96755  1.41      13      13      21       21   1.57
1925-1929    105-109    0.74362  0.98257  1.26       0       0       1        1   1.34
1925-1929    110+       0.82168  1.00000  1.22       0       0       0        0   1.22
1930-1934        0      0.07367  0.06978  0.24  100000    6978   94716  5900882  59.01
1930-1934      1-4      0.00732  0.02873  1.39   93022    2673  365108  5806165  62.42
1930-1934      5-9      0.00236  0.01170  2.09   90350    1057  448673  5441057  60.22
1930-1934     10-14     0.00149  0.00743  2.54   89292     664  444827  4992384  55.91
1930-1934     15-19     0.00251  0.01249  2.71   88629    1107  440608  4547557  51.31
1930-1934     20-24     0.00323  0.01603  2.50   87522    1403  434104  4106949  46.92
1930-1934     25-29     0.00322  0.01599  2.52   86119    1377  427180  3672845  42.65
1930-1934     30-34     0.00360  0.01783  2.58   84741    1511  420056  3245665  38.30
1930-1934     35-39     0.00471  0.02329  2.61   83230    1938  411515  2825609  33.95
1930-1934     40-44     0.00637  0.03140  2.62   81292    2552  400385  2414094  29.70
1930-1934     45-49     0.00933  0.04562  2.63   78740    3592  385175  2013709  25.57
1930-1934     50-54     0.01323  0.06417  2.64   75148    4822  364375  1628534  21.67
1930-1934     55-59     0.01927  0.09215  2.65   70325    6481  336367  1264159  17.98
1930-1934     60-64     0.02901  0.13580  2.65   63845    8670  298840   927793  14.53
1930-1934     65-69     0.04604  0.20723  2.59   55175   11434  248349   628952  11.40
1930-1934     70-74     0.07390  0.31336  2.57   43741   13706  185461   380603   8.70
1930-1934     75-79     0.11747  0.45209  2.45   30034   13578  115585   195142   6.50
1930-1934     80-84     0.17454  0.59570  2.34   16456    9803   56166    79557   4.83
1930-1934     85-89     0.26310  0.74627  2.10    6653    4965   18871    23391   3.52
1930-1934     90-94     0.35776  0.85213  1.93    1688    1438    4021     4520   2.68
1930-1934     95-99     0.49314  0.92935  1.65     250     232     470      499   2.00
1930-1934    100-104    0.61843  0.96487  1.43      18      17      28       28   1.61
1930-1934    105-109    0.73075  0.98124  1.27       1       1       1        1   1.37
1930-1934    110+       0.81055  1.00000  1.23       0       0       0        0   1.23
1935-1939        0      0.06550  0.06232  0.22  100000    6232   95144  6079227  60.79
1935-1939      1-4      0.00502  0.01984  1.47   93768    1860  370358  5984083  63.82
1935-1939      5-9      0.00198  0.00982  2.12   91908     902  456938  5613725  61.08
1935-1939     10-14     0.00124  0.00619  2.57   91005     563  453655  5156787  56.66
1935-1939     15-19     0.00207  0.01029  2.68   90442     931  450054  4703132  52.00
1935-1939     20-24     0.00281  0.01398  2.54   89511    1251  444480  4253078  47.51
1935-1939     25-29     0.00282  0.01401  2.51   88260    1236  438219  3808598  43.15
1935-1939     30-34     0.00306  0.01519  2.57   87024    1322  431904  3370379  38.73
1935-1939     35-39     0.00410  0.02028  2.62   85702    1738  424376  2938476  34.29
1935-1939     40-44     0.00562  0.02773  2.62   83964    2328  414286  2514099  29.94
1935-1939     45-49     0.00843  0.04132  2.67   81636    3373  400330  2099813  25.72
1935-1939     50-54     0.01303  0.06322  2.65   78263    4948  379668  1699483  21.72
1935-1939     55-59     0.01924  0.09208  2.67   73315    6751  350815  1319815  18.00
1935-1939     60-64     0.02963  0.13846  2.64   66564    9216  311068   969001  14.56
1935-1939     65-69     0.04488  0.20265  2.61   57348   11622  258927   657933  11.47
1935-1939     70-74     0.07254  0.30856  2.58   45726   14109  194493   399006   8.73
1935-1939     75-79     0.11811  0.45381  2.45   31617   14348  121480   204513   6.47
1935-1939     80-84     0.17539  0.59796  2.34   17269   10326   58875    83032   4.81
1935-1939     85-89     0.26553  0.75125  2.11    6943    5216   19643    24158   3.48
1935-1939     90-94     0.36760  0.86131  1.92    1727    1488    4047     4515   2.61
1935-1939     95-99     0.50405  0.93376  1.63     240     224     444      469   1.96
1935-1939    100-104    0.63187  0.96755  1.41      16      15      24       25   1.57
1935-1939    105-109    0.74460  0.98270  1.25       1       1       1        1   1.34
1935-1939    110+       0.82338  1.00000  1.21       0       0       0        0   1.21
1940-1944        0      0.06108  0.05826  0.21  100000    5826   95391  5823723  58.24
1940-1944      1-4      0.00416  0.01648  1.57   94174    1552  372932  5728332  60.83
1940-1944      5-9      0.00184  0.00917  2.18   92622     850  460714  5355400  57.82
1940-1944     10-14     0.00129  0.00641  2.59   91773     588  457447  4894686  53.33
1940-1944     15-19     0.00523  0.02592  3.14   91184    2363  451529  4437239  48.66
1940-1944     20-24     0.00918  0.04488  2.53   88821    3986  434277  3985710  44.87
1940-1944     25-29     0.00689  0.03383  2.31   84835    2870  416446  3551433  41.86
1940-1944     30-34     0.00556  0.02741  2.42   81966    2246  404040  3134986  38.25
1940-1944     35-39     0.00510  0.02517  2.51   79719    2007  393599  2730946  34.26
1940-1944     40-44     0.00597  0.02943  2.59   77713    2287  383049  2337347  30.08
1940-1944     45-49     0.00833  0.04086  2.65   75425    3082  369870  1954298  25.91
1940-1944     50-54     0.01283  0.06231  2.67   72343    4508  351197  1584428  21.90
1940-1944     55-59     0.01971  0.09421  2.66   67836    6391  324209  1233232  18.18
1940-1944     60-64     0.02966  0.13861  2.64   61445    8517  287112   909023  14.79
1940-1944     65-69     0.04461  0.20130  2.58   52928   10655  238832   621911  11.75
1940-1944     70-74     0.06762  0.29053  2.58   42273   12282  181633   383079   9.06
1940-1944     75-79     0.11098  0.43345  2.48   29992   13000  117135   201446   6.72
1940-1944     80-84     0.16753  0.58110  2.36   16992    9874   58937    84311   4.96
1940-1944     85-89     0.25897  0.74331  2.13    7118    5291   20430    25374   3.56
1940-1944     90-94     0.35237  0.84749  1.94    1827    1548    4394     4944   2.71
1940-1944     95-99     0.50014  0.93255  1.64     279     260     520      549   1.97
1940-1944    100-104    0.63125  0.96756  1.42      19      18      29       30   1.58
1940-1944    105-109    0.74665  0.98296  1.25       1       1       1        1   1.34
1940-1944    110+       0.82677  1.00000  1.21       0       0       0        0   1.21
1945-1949        0      0.04555  0.04389  0.17  100000    4389   96345  6325943  63.26
1945-1949      1-4      0.00213  0.00848  1.59   95611     811  380489  6229597  65.16
1945-1949      5-9      0.00100  0.00499  2.25   94800     473  472702  5849109  61.70
1945-1949     10-14     0.00079  0.00395  2.62   94327     372  470751  5376406  57.00
1945-1949     15-19     0.00296  0.01470  3.15   93955    1381  467221  4905655  52.21
1945-1949     20-24     0.00533  0.02631  2.44   92574    2435  456626  4438435  47.94
1945-1949     25-29     0.00404  0.01997  2.39   90139    1800  446001  3981809  44.17
1945-1949     30-34     0.00350  0.01735  2.42   88339    1533  437740  3535809  40.03
1945-1949     35-39     0.00332  0.01649  2.54   86806    1431  430512  3098069  35.69
1945-1949     40-44     0.00427  0.02113  2.65   85375    1804  422627  2667557  31.25
1945-1949     45-49     0.00690  0.03394  2.69   83570    2837  411300  2244930  26.86
1945-1949     50-54     0.01090  0.05315  2.68   80734    4291  393701  1833630  22.71
1945-1949     55-59     0.01741  0.08370  2.69   76442    6398  367426  1439929  18.84
1945-1949     60-64     0.02785  0.13073  2.66   70044    9157  328779  1072503  15.31
1945-1949     65-69     0.04151  0.18880  2.61   60887   11496  276908   743724  12.21
1945-1949     70-74     0.06394  0.27666  2.57   49392   13665  213704   466816   9.45
1945-1949     75-79     0.10135  0.40417  2.50   35727   14440  142475   253112   7.08
1945-1949     80-84     0.15755  0.55783  2.38   21287   11875   75371   110637   5.20
1945-1949     85-89     0.24252  0.71777  2.16    9412    6756   27858    35266   3.75
1945-1949     90-94     0.34102  0.83560  1.95    2656    2220    6509     7408   2.79
1945-1949     95-99     0.47734  0.92327  1.68     437     403     845      899   2.06
1945-1949    100-104    0.60805  0.96301  1.45      34      32      53       55   1.63
1945-1949    105-109    0.72605  0.98085  1.28       1       1       2        2   1.37
1945-1949    110+       0.80969  1.00000  1.24       0       0       0        0   1.24
1950-1954        0      0.03190  0.03104  0.13  100000    3104   97301  6688723  66.89
1950-1954      1-4      0.00134  0.00533  1.57   96896     516  386328  6591421  68.03
1950-1954      5-9      0.00059  0.00293  2.26   96380     283  481124  6205094  64.38
1950-1954     10-14     0.00050  0.00251  2.63   96097     241  479915  5723970  59.56
1950-1954     15-19     0.00087  0.00433  2.71   95856     415  478332  5244055  54.71
1950-1954     20-24     0.00129  0.00642  2.53   95441     613  475691  4765723  49.93
1950-1954     25-29     0.00137  0.00680  2.55   94829     645  472560  4290032  45.24
1950-1954     30-34     0.00160  0.00799  2.56   94184     752  469083  3817472  40.53
1950-1954     35-39     0.00218  0.01083  2.63   93431    1012  464760  3348389  35.84
1950-1954     40-44     0.00334  0.01658  2.69   92419    1532  458555  2883629  31.20
1950-1954     45-49     0.00595  0.02933  2.73   90887    2666  448373  2425074  26.68
1950-1954     50-54     0.01051  0.05132  2.71   88221    4527  430741  1976701  22.41
1950-1954     55-59     0.01757  0.08442  2.69   83694    7066  402151  1545960  18.47
1950-1954     60-64     0.02856  0.13386  2.67   76628   10258  359202  1143809  14.93
1950-1954     65-69     0.04442  0.20063  2.59   66370   13316  299763   784607  11.82
1950-1954     70-74     0.06806  0.29189  2.56   53054   15486  227542   484844   9.14
1950-1954     75-79     0.10711  0.42163  2.48   37569   15840  147893   257302   6.85
1950-1954     80-84     0.16403  0.57318  2.37   21728   12454   75924   109409   5.04
1950-1954     85-89     0.25308  0.73447  2.14    9274    6812   26915    33485   3.61
1950-1954     90-94     0.35877  0.85362  1.93    2463    2102    5859     6570   2.67
1950-1954     95-99     0.50006  0.93269  1.64     360     336     672      710   1.97
1950-1954    100-104    0.63326  0.96801  1.41      24      23      37       38   1.57
1950-1954    105-109    0.75002  0.98332  1.25       1       1       1        1   1.33
1950-1954    110+       0.83057  1.00000  1.20       0       0       0        0   1.20
1955-1959        0      0.02680  0.02618  0.12  100000    2618   97688  6786325  67.86
1955-1959      1-4      0.00100  0.00400  1.62   97382     390  388603  6688637  68.68
1955-1959      5-9      0.00048  0.00241  2.29   96993     234  484331  6300033  64.95
1955-1959     10-14     0.00041  0.00206  2.63   96759     199  483325  5815702  60.10
1955-1959     15-19     0.00084  0.00421  2.75   96560     407  481884  5332377  55.22
1955-1959     20-24     0.00109  0.00542  2.47   96153     521  479446  4850493  50.45
1955-1959     25-29     0.00110  0.00547  2.54   95632     523  476873  4371047  45.71
1955-1959     30-34     0.00129  0.00641  2.62   95109     610  474095  3894174  40.94
1955-1959     35-39     0.00189  0.00941  2.65   94500     889  470412  3420079  36.19
1955-1959     40-44     0.00304  0.01508  2.70   93610    1412  464809  2949667  31.51
1955-1959     45-49     0.00534  0.02640  2.75   92199    2434  455507  2484858  26.95
1955-1959     50-54     0.00974  0.04763  2.73   89765    4276  439131  2029351  22.61
1955-1959     55-59     0.01726  0.08298  2.69   85489    7094  411061  1590221  18.60
1955-1959     60-64     0.02803  0.13153  2.66   78396   10311  367858  1179159  15.04
1955-1959     65-69     0.04381  0.19821  2.60   68084   13495  308001   811301  11.92
1955-1959     70-74     0.06802  0.29164  2.56   54590   15921  234067   503301   9.22
1955-1959     75-79     0.10545  0.41621  2.47   38669   16095  152624   269234   6.96
1955-1959     80-84     0.15823  0.55887  2.37   22574   12616   79733   116610   5.17
1955-1959     85-89     0.24540  0.72370  2.17    9958    7207   29368    36877   3.70
1955-1959     90-94     0.34975  0.84417  1.94    2751    2323    6641     7509   2.73
1955-1959     95-99     0.48628  0.92720  1.66     429     398     818      868   2.02
1955-1959    100-104    0.61899  0.96531  1.44      31      30      49       50   1.61
1955-1959    105-109    0.73723  0.98206  1.27       1       1       1        1   1.35
1955-1959    110+       0.81993  1.00000  1.22       0       0       0        0   1.22
1960-1964        0      0.02468  0.02415  0.11  100000    2415   97854  6815898  68.16
1960-1964      1-4      0.00094  0.00376  1.59   97585     367  389455  6718045  68.84
1960-1964      5-9      0.00047  0.00237  2.35   97218     230  485479  6328590  65.10
1960-1964     10-14     0.00040  0.00199  2.61   96988     193  484478  5843111  60.25
1960-1964     15-19     0.00094  0.00468  2.86   96795     453  483004  5358633  55.36
1960-1964     20-24     0.00112  0.00557  2.43   96342     536  480329  4875628  50.61
1960-1964     25-29     0.00101  0.00502  2.54   95805     481  477842  4395299  45.88
1960-1964     30-34     0.00122  0.00607  2.62   95324     579  475243  3917457  41.10
1960-1964     35-39     0.00185  0.00923  2.69   94745     875  471706  3442214  36.33
1960-1964     40-44     0.00304  0.01507  2.69   93870    1415  466085  2970508  31.64
1960-1964     45-49     0.00528  0.02608  2.71   92456    2411  456768  2504423  27.09
1960-1964     50-54     0.00931  0.04558  2.71   90045    4104  440836  2047655  22.74
1960-1964     55-59     0.01669  0.08039  2.70   85941    6908  413832  1606819  18.70
1960-1964     60-64     0.02824  0.13242  2.65   79032   10466  370605  1192986  15.09
1960-1964     65-69     0.04397  0.19885  2.60   68567   13634  310074   822382  11.99
1960-1964     70-74     0.06756  0.28993  2.56   54932   15927  235726   512307   9.33
1960-1964     75-79     0.10329  0.40909  2.46   39006   15957  154484   276581   7.09
1960-1964     80-84     0.15407  0.54883  2.38   23049   12650   82104   122098   5.30
1960-1964     85-89     0.23524  0.70727  2.18   10399    7355   31266    39994   3.85
1960-1964     90-94     0.33111  0.82823  1.98    3044    2521    7614     8728   2.87
1960-1964     95-99     0.46069  0.91549  1.71     523     479    1039     1114   2.13
1960-1964    100-104    0.58849  0.95856  1.48      44      42      72       75   1.69
1960-1964    105-109    0.70644  0.97855  1.31       2       2       3        3   1.41
1960-1964    110+       0.79178  1.00000  1.26       0       0       0        0   1.26
1965-1969        0      0.02124  0.02084  0.10  100000    2084   98128  6869412  68.69
1965-1969      1-4      0.00088  0.00351  1.64   97916     344  390854  6771284  69.15
1965-1969      5-9      0.00044  0.00219  2.35   97572     214  487294  6380430  65.39
1965-1969     10-14     0.00040  0.00200  2.66   97358     195  486333  5893136  60.53
1965-1969     15-19     0.00097  0.00481  2.78   97163     468  484775  5406803  55.65
1965-1969     20-24     0.00098  0.00488  2.44   96695     472  482268  4922028  50.90
1965-1969     25-29     0.00094  0.00470  2.52   96223     453  479990  4439760  46.14
1965-1969     30-34     0.00113  0.00564  2.61   95770     540  477564  3959770  41.35
1965-1969     35-39     0.00174  0.00865  2.70   95230     823  474259  3482206  36.57
1965-1969     40-44     0.00304  0.01508  2.71   94407    1424  468775  3007947  31.86
1965-1969     45-49     0.00533  0.02633  2.71   92983    2448  459307  2539172  27.31
1965-1969     50-54     0.00917  0.04493  2.71   90535    4068  443380  2079865  22.97
1965-1969     55-59     0.01585  0.07646  2.70   86467    6612  417123  1636485  18.93
1965-1969     60-64     0.02710  0.12745  2.67   79855   10177  375584  1219362  15.27
1965-1969     65-69     0.04414  0.19951  2.60   69678   13902  314959   843778  12.11
1965-1969     70-74     0.06707  0.28798  2.55   55776   16062  239473   528819   9.48
1965-1969     75-79     0.09984  0.39790  2.45   39714   15802  158284   289347   7.29
1965-1969     80-84     0.14829  0.53364  2.37   23912   12760   86052   131063   5.48
1965-1969     85-89     0.22126  0.68471  2.22   11151    7636   34510    45011   4.04
1965-1969     90-94     0.31705  0.81314  2.01    3516    2859    9017    10501   2.99
1965-1969     95-99     0.43274  0.90073  1.76     657     592    1368     1484   2.26
1965-1969    100-104    0.55510  0.94974  1.54      65      62     112      116   1.79
1965-1969    105-109    0.67201  0.97382  1.35       3       3       5        5   1.48
1965-1969    110+       0.75936  1.00000  1.32       0       0       0        0   1.32
1970-1974        0      0.01948  0.01914  0.10  100000    1914   98272  6917739  69.18
1970-1974      1-4      0.00077  0.00308  1.64   98086     302  391630  6819466  69.53
1970-1974      5-9      0.00040  0.00198  2.32   97784     194  488400  6427836  65.74
1970-1974     10-14     0.00035  0.00175  2.65   97590     171  487551  5939436  60.86
1970-1974     15-19     0.00089  0.00442  2.84   97420     430  486170  5451885  55.96
1970-1974     20-24     0.00098  0.00487  2.39   96989     472  483716  4965714  51.20
1970-1974     25-29     0.00089  0.00443  2.51   96517     427  481522  4481999  46.44
1970-1974     30-34     0.00108  0.00538  2.62   96090     517  479216  4000477  41.63
1970-1974     35-39     0.00160  0.00796  2.66   95573     761  476087  3521261  36.84
1970-1974     40-44     0.00290  0.01440  2.74   94812    1365  470977  3045175  32.12
1970-1974     45-49     0.00530  0.02620  2.72   93447    2449  461658  2574198  27.55
1970-1974     50-54     0.00921  0.04509  2.69   90998    4103  445523  2112540  23.22
1970-1974     55-59     0.01537  0.07421  2.68   86895    6448  419524  1667018  19.18
1970-1974     60-64     0.02541  0.11993  2.66   80447    9648  379633  1247494  15.51
1970-1974     65-69     0.04202  0.19094  2.61   70799   13519  321736   867860  12.26
1970-1974     70-74     0.06670  0.28665  2.55   57280   16419  246156   546124   9.53
1970-1974     75-79     0.09921  0.39611  2.46   40861   16185  163138   299968   7.34
1970-1974     80-84     0.14669  0.52938  2.37   24675   13063   89048   136830   5.55
1970-1974     85-89     0.21589  0.67364  2.21   11613    7823   36235    47782   4.11
1970-1974     90-94     0.31038  0.80631  2.02    3790    3056    9846    11547   3.05
1970-1974     95-99     0.42093  0.89372  1.78     734     656    1559     1702   2.32
1970-1974    100-104    0.54018  0.94519  1.56      78      74     137      143   1.83
1970-1974    105-109    0.65580  0.97124  1.38       4       4       6        6   1.52
1970-1974    110+       0.74335  1.00000  1.35       0       0       0        0   1.35
1975-1979        0      0.01585  0.01562  0.09  100000    1562   98575  7002611  70.03
1975-1979      1-4      0.00063  0.00250  1.66   98438     246  393177  6904036  70.14
1975-1979      5-9      0.00033  0.00167  2.36   98192     164  490528  6510859  66.31
1975-1979     10-14     0.00030  0.00151  2.64   98028     148  489791  6020330  61.41
1975-1979     15-19     0.00088  0.00437  2.93   97880     428  488512  5530539  56.50
1975-1979     20-24     0.00095  0.00475  2.40   97452     463  486056  5042027  51.74
1975-1979     25-29     0.00087  0.00435  2.49   96989     421  483889  4555971  46.97
1975-1979     30-34     0.00100  0.00498  2.61   96568     481  481690  4072082  42.17
1975-1979     35-39     0.00151  0.00754  2.69   96087     724  478763  3590392  37.37
1975-1979     40-44     0.00257  0.01279  2.74   95362    1220  474051  3111629  32.63
1975-1979     45-49     0.00482  0.02383  2.73   94142    2244  465626  2637578  28.02
1975-1979     50-54     0.00878  0.04302  2.70   91898    3953  450396  2171952  23.63
1975-1979     55-59     0.01463  0.07075  2.67   87945    6222  425230  1721556  19.58
1975-1979     60-64     0.02407  0.11391  2.65   81722    9309  386736  1296326  15.86
1975-1979     65-69     0.03908  0.17875  2.62   72413   12944  331208   909590  12.56
1975-1979     70-74     0.06273  0.27217  2.57   59470   16186  258018   578382   9.73
1975-1979     75-79     0.09785  0.39194  2.46   43284   16965  173376   320364   7.40
1975-1979     80-84     0.14503  0.52486  2.37   26319   13814   95245   146989   5.58
1975-1979     85-89     0.21416  0.67112  2.22   12505    8393   39189    51743   4.14
1975-1979     90-94     0.30975  0.80518  2.02    4113    3312   10691    12555   3.05
1975-1979     95-99     0.41930  0.89280  1.78     801     715    1706     1864   2.33
1975-1979    100-104    0.53896  0.94484  1.56      86      81     151      158   1.84
1975-1979    105-109    0.65509  0.97114  1.38       5       5       7        7   1.52
1975-1979    110+       0.74304  1.00000  1.35       0       0       0        0   1.35
1980-1984        0      0.01217  0.01203  0.08  100000    1203   98890  7128604  71.29
1980-1984      1-4      0.00051  0.00203  1.61   98797     201  394706  7029714  71.15
1980-1984      5-9      0.00026  0.00132  2.40   98596     130  492641  6635007  67.30
1980-1984     10-14     0.00028  0.00138  2.71   98466     136  492016  6142366  62.38
1980-1984     15-19     0.00078  0.00390  2.92   98330     384  490850  5650350  57.46
1980-1984     20-24     0.00085  0.00422  2.40   97946     413  488654  5159500  52.68
1980-1984     25-29     0.00083  0.00415  2.54   97533     405  486667  4670846  47.89
1980-1984     30-34     0.00095  0.00473  2.59   97128     460  484531  4184179  43.08
1980-1984     35-39     0.00134  0.00666  2.67   96668     643  481843  3699648  38.27
1980-1984     40-44     0.00231  0.01147  2.72   96025    1101  477611  3217805  33.51
1980-1984     45-49     0.00420  0.02082  2.73   94923    1976  470134  2740194  28.87
1980-1984     50-54     0.00758  0.03728  2.73   92947    3465  456857  2270059  24.42
1980-1984     55-59     0.01347  0.06534  2.69   89482    5846  433896  1813202  20.26
1980-1984     60-64     0.02229  0.10590  2.64   83635    8857  397310  1379306  16.49
1980-1984     65-69     0.03564  0.16427  2.62   74778   12284  344663   981996  13.13
1980-1984     70-74     0.05726  0.25145  2.58   62494   15714  274447   637333  10.20
1980-1984     75-79     0.08966  0.36617  2.50   46780   17129  191050   362886   7.76
1980-1984     80-84     0.13830  0.50776  2.38   29650   15055  108858   171835   5.80
1980-1984     85-89     0.20394  0.65195  2.23   14595    9515   46656    62977   4.31
1980-1984     90-94     0.29234  0.78725  2.07    5080    3999   13680    16321   3.21
1980-1984     95-99     0.39749  0.87874  1.83    1081     950    2389     2642   2.44
1980-1984    100-104    0.51328  0.93615  1.61     131     123     239      252   1.93
1980-1984    105-109    0.62833  0.96636  1.42       8       8      13       13   1.58
1980-1984    110+       0.71717  1.00000  1.39       0       0       0        0   1.39
1985-1989        0      0.01050  0.01040  0.07  100000    1040   99036  7231523  72.32
1985-1989      1-4      0.00045  0.00181  1.60   98960     179  395409  7132487  72.07
1985-1989      5-9      0.00022  0.00108  2.38   98781     107  493625  6737078  68.20
1985-1989     10-14     0.00025  0.00125  2.75   98674     124  493092  6243454  63.27
1985-1989     15-19     0.00070  0.00349  2.88   98550     344  492023  5750362  58.35
1985-1989     20-24     0.00085  0.00426  2.44   98207     419  489959  5258339  53.54
1985-1989     25-29     0.00081  0.00402  2.52   97788     393  487964  4768380  48.76
1985-1989     30-34     0.00097  0.00486  2.60   97394     473  485835  4280416  43.95
1985-1989     35-39     0.00132  0.00657  2.63   96921     636  483100  3794581  39.15
1985-1989     40-44     0.00210  0.01043  2.71   96285    1004  479121  3311481  34.39
1985-1989     45-49     0.00372  0.01844  2.70   95281    1757  472367  2832360  29.73
1985-1989     50-54     0.00651  0.03206  2.72   93524    2998  460780  2359993  25.23
1985-1989     55-59     0.01164  0.05668  2.72   90525    5131  440907  1899213  20.98
1985-1989     60-64     0.02037  0.09721  2.66   85394    8302  407555  1458305  17.08
1985-1989     65-69     0.03298  0.15286  2.61   77093   11785  357343  1050751  13.63
1985-1989     70-74     0.05284  0.23432  2.59   65308   15303  289598   693408  10.62
1985-1989     75-79     0.08371  0.34633  2.51   50005   17318  206873   403810   8.08
1985-1989     80-84     0.12986  0.48585  2.41   32687   15881  122287   196937   6.02
1985-1989     85-89     0.19601  0.63727  2.26   16806   10710   54640    74650   4.44
1985-1989     90-94     0.28448  0.77663  2.08    6096    4734   16642    20009   3.28
1985-1989     95-99     0.39216  0.87554  1.84    1362    1192    3040     3367   2.47
1985-1989    100-104    0.51161  0.93584  1.61     169     159     310      327   1.93
1985-1989    105-109    0.63049  0.96692  1.42      11      11      17       17   1.58
1985-1989    110+       0.72198  1.00000  1.39       0       0       0        0   1.39
1990-1994        0      0.00777  0.00772  0.07  100000     772   99279  7358016  73.58
1990-1994      1-4      0.00037  0.00148  1.60   99228     147  396561  7258737  73.15
1990-1994      5-9      0.00018  0.00092  2.43   99082      91  495175  6862176  69.26
1990-1994     10-14     0.00021  0.00107  2.76   98991     106  494717  6367001  64.32
1990-1994     15-19     0.00064  0.00321  2.88   98885     318  493753  5872284  59.38
1990-1994     20-24     0.00088  0.00439  2.49   98567     432  491753  5378531  54.57
1990-1994     25-29     0.00089  0.00446  2.53   98135     438  489593  4886777  49.80
1990-1994     30-34     0.00104  0.00520  2.58   97697     508  487255  4397185  45.01
1990-1994     35-39     0.00140  0.00698  2.66   97189     678  484357  3909929  40.23
1990-1994     40-44     0.00203  0.01012  2.67   96511     976  480276  3425573  35.49
1990-1994     45-49     0.00325  0.01612  2.70   95535    1540  474137  2945297  30.83
1990-1994     50-54     0.00571  0.02819  2.70   93995    2650  463881  2471160  26.29
1990-1994     55-59     0.00981  0.04798  2.70   91345    4383  446647  2007279  21.97
1990-1994     60-64     0.01729  0.08314  2.70   86961    7230  418151  1560632  17.95
1990-1994     65-69     0.02968  0.13870  2.64   79731   11058  372547  1142481  14.33
1990-1994     70-74     0.04772  0.21396  2.59   68673   14693  307882   769934  11.21
1990-1994     75-79     0.07545  0.31825  2.54   53979   17179  227700   462052   8.56
1990-1994     80-84     0.11904  0.45635  2.44   36801   16794  141083   234352   6.37
1990-1994     85-89     0.18279  0.61174  2.30   20007   12239   66957    93270   4.66
1990-1994     90-94     0.27348  0.76382  2.11    7768    5933   21695    26312   3.39
1990-1994     95-99     0.38420  0.87057  1.86    1835    1597    4157     4618   2.52
1990-1994    100-104    0.50879  0.93524  1.62     237     222     436      461   1.94
1990-1994    105-109    0.63313  0.96763  1.41      15      15      24       24   1.57
1990-1994    110+       0.72841  1.00000  1.37       0       0       1        1   1.37
1995-1999        0      0.00663  0.00659  0.06  100000     659   99382  7471142  74.71
1995-1999      1-4      0.00031  0.00123  1.58   99341     122  397068  7371759  74.21
1995-1999      5-9      0.00014  0.00070  2.46   99219      70  495916  6974692  70.30
1995-1999     10-14     0.00018  0.00091  2.76   99149      90  495542  6478776  65.34
1995-1999     15-19     0.00059  0.00293  3.01   99058     291  494713  5983234  60.40
1995-1999     20-24     0.00086  0.00430  2.53   98768     424  492791  5488521  55.57
1995-1999     25-29     0.00093  0.00465  2.55   98343     457  490597  4995730  50.80
1995-1999     30-34     0.00107  0.00533  2.56   97886     522  488156  4505134  46.02
1995-1999     35-39     0.00133  0.00664  2.64   97364     647  485293  4016978  41.26
1995-1999     40-44     0.00199  0.00992  2.67   96718     959  481349  3531685  36.52
1995-1999     45-49     0.00308  0.01531  2.66   95758    1466  475364  3050336  31.85
1995-1999     50-54     0.00508  0.02509  2.72   94292    2366  466058  2574972  27.31
1995-1999     55-59     0.00870  0.04262  2.69   91926    3918  450579  2108914  22.94
1995-1999     60-64     0.01469  0.07106  2.69   88008    6254  425564  1658335  18.84
1995-1999     65-69     0.02539  0.11986  2.66   81754    9799  385881  1232771  15.08
1995-1999     70-74     0.04289  0.19456  2.61   71955   13999  326371   846890  11.77
1995-1999     75-79     0.06870  0.29389  2.54   57956   17032  247938   520519   8.98
1995-1999     80-84     0.10914  0.42804  2.48   40923   17517  160503   272581   6.66
1995-1999     85-89     0.17425  0.59464  2.33   23406   13918   79878   112077   4.79
1995-1999     90-94     0.27169  0.76186  2.12    9488    7229   26606    32199   3.39
1995-1999     95-99     0.39070  0.87627  1.85    2260    1980    5068     5593   2.48
1995-1999    100-104    0.52595  0.94186  1.59     280     263     501      525   1.88
1995-1999    105-109    0.65863  0.97229  1.38      16      16      24       25   1.51
1995-1999    110+       0.75775  1.00000  1.32       0       0       1        1   1.32
2000-2004        0      0.00587  0.00584  0.06  100000     584   99452  7623691  76.24
2000-2004      1-4      0.00025  0.00100  1.55   99416      99  397422  7524239  75.68
2000-2004      5-9      0.00011  0.00057  2.42   99317      57  496440  7126817  71.76
2000-2004     10-14     0.00015  0.00077  2.79   99260      76  496134  6630377  66.80
2000-2004     15-19     0.00049  0.00246  3.00   99184     244  495433  6134243  61.85
2000-2004     20-24     0.00075  0.00376  2.53   98941     372  493783  5638810  56.99
2000-2004     25-29     0.00083  0.00416  2.56   98568     410  491843  5145027  52.20
2000-2004     30-34     0.00102  0.00509  2.58   98159     500  489585  4653184  47.40
2000-2004     35-39     0.00130  0.00647  2.62   97659     632  486788  4163599  42.63
2000-2004     40-44     0.00187  0.00931  2.65   97027     903  483012  3676811  37.89
2000-2004     45-49     0.00297  0.01477  2.71   96124    1420  477364  3193798  33.23
2000-2004     50-54     0.00466  0.02305  2.65   94704    2183  468393  2716434  28.68
2000-2004     55-59     0.00748  0.03675  2.68   92521    3401  454728  2248041  24.30
2000-2004     60-64     0.01258  0.06112  2.66   89120    5447  432879  1793313  20.12
2000-2004     65-69     0.02069  0.09869  2.67   83673    8258  399110  1360434  16.26
2000-2004     70-74     0.03510  0.16214  2.65   75416   12228  348367   961324  12.75
2000-2004     75-79     0.05941  0.25976  2.58   63188   16414  276296   612956   9.70
2000-2004     80-84     0.09677  0.38914  2.48   46774   18202  188089   336660   7.20
2000-2004     85-89     0.15420  0.54975  2.39   28572   15708  101865   148571   5.20
2000-2004     90-94     0.25069  0.73392  2.18   12865    9442   37663    46706   3.63
2000-2004     95-99     0.36318  0.85596  1.91    3423    2930    8068     9043   2.64
2000-2004    100-104    0.49782  0.93206  1.64     493     460     923      976   1.98
2000-2004    105-109    0.63382  0.96822  1.41      33      32      51       53   1.57
2000-2004    110+       0.73742  1.00000  1.36       1       1       1        1   1.36
2005-2009        0      0.00544  0.00541  0.06  100000     541   99491  7774130  77.74
2005-2009      1-4      0.00022  0.00088  1.54   99459      87  397619  7674639  77.16
2005-2009      5-9      0.00011  0.00054  2.44   99371      54  496718  7277020  73.23
2005-2009     10-14     0.00013  0.00066  2.78   99317      66  496439  6780302  68.27
2005-2009     15-19     0.00043  0.00217  2.94   99251     215  495814  6283863  63.31
2005-2009     20-24     0.00064  0.00318  2.52   99036     315  494399  5788049  58.44
2005-2009     25-29     0.00075  0.00375  2.57   98721     370  492708  5293649  53.62
2005-2009     30-34     0.00097  0.00482  2.62   98351     474  490628  4800941  48.81
2005-2009     35-39     0.00130  0.00649  2.59   97877     635  487853  4310313  44.04
2005-2009     40-44     0.00182  0.00905  2.64   97242     880  484132  3822460  39.31
2005-2009     45-49     0.00274  0.01359  2.66   96362    1310  478747  3338328  34.64
2005-2009     50-54     0.00431  0.02134  2.67   95053    2029  470540  2859581  30.08
2005-2009     55-59     0.00678  0.03339  2.65   93024    3106  457830  2389041  25.68
2005-2009     60-64     0.01084  0.05288  2.68   89918    4755  438544  1931211  21.48
2005-2009     65-69     0.01754  0.08425  2.66   85163    7175  409023  1492668  17.53
2005-2009     70-74     0.02857  0.13386  2.65   77988   10440  365425  1083644  13.89
2005-2009     75-79     0.04890  0.21900  2.62   67548   14793  302548   718219  10.63
2005-2009     80-84     0.08405  0.34841  2.55   52755   18381  218692   415671   7.88
2005-2009     85-89     0.13686  0.50400  2.39   34375   17325  126592   196979   5.73
2005-2009     90-94     0.21232  0.67106  2.26   17050   11441   53887    70387   4.13
2005-2009     95-99     0.32145  0.81807  2.00    5608    4588   14273    16501   2.94
2005-2009    100-104    0.44834  0.91011  1.74    1020     929    2071     2228   2.18
2005-2009    105-109    0.58294  0.95762  1.49      92      88     151      156   1.70
2005-2009    110+       0.68960  1.00000  1.45       4       4       6        6   1.45
