Scotland, Life tables (period 5x5), Total     Last modified: 05-Jul-2013, MPv5 (May07)

  Year          Age         mx       qx    ax      lx      dx      Lx       Tx     ex
1855-1859        0      0.12737  0.11748  0.34  100000   11748   92233  4352163  43.52
1855-1859      1-4      0.03624  0.13257  1.42   88252   11700  322832  4259930  48.27
1855-1859      5-9      0.00907  0.04415  2.01   76552    3380  372645  3937099  51.43
1855-1859     10-14     0.00483  0.02384  2.53   73172    1745  361545  3564453  48.71
1855-1859     15-19     0.00691  0.03402  2.64   71428    2430  351412  3202909  44.84
1855-1859     20-24     0.00914  0.04471  2.54   68998    3085  337396  2851497  41.33
1855-1859     25-29     0.00946  0.04620  2.49   65913    3045  321923  2514101  38.14
1855-1859     30-34     0.01018  0.04965  2.51   62868    3121  306575  2192179  34.87
1855-1859     35-39     0.01069  0.05209  2.51   59747    3112  290979  1885604  31.56
1855-1859     40-44     0.01235  0.05991  2.53   56635    3393  274802  1594625  28.16
1855-1859     45-49     0.01353  0.06547  2.53   53242    3486  257586  1319823  24.79
1855-1859     50-54     0.01768  0.08478  2.58   49756    4218  238565  1062236  21.35
1855-1859     55-59     0.02081  0.09900  2.55   45538    4508  216639   823671  18.09
1855-1859     60-64     0.03308  0.15335  2.62   41030    6292  190196   607033  14.79
1855-1859     65-69     0.04453  0.20068  2.54   34738    6971  156543   416837  12.00
1855-1859     70-74     0.07101  0.30242  2.55   27767    8397  118260   260294   9.37
1855-1859     75-79     0.10243  0.40539  2.43   19369    7852   76662   142034   7.33
1855-1859     80-84     0.14648  0.52960  2.39   11517    6099   41639    65372   5.68
1855-1859     85-89     0.20839  0.65677  2.19    5418    3558   17074    23732   4.38
1855-1859     90-94     0.25873  0.73684  2.08    1860    1370    5296     6658   3.58
1855-1859     95-99     0.34634  0.83653  1.91     489     409    1182     1363   2.78
1855-1859    100-104    0.43472  0.89896  1.74      80      72     165      181   2.26
1855-1859    105-109    0.52766  0.93940  1.57       8       8      14       15   1.88
1855-1859    110+       0.60302  1.00000  1.66       0       0       1        1   1.66
1860-1864        0      0.13406  0.12314  0.34  100000   12314   91859  4174881  41.75
1860-1864      1-4      0.04069  0.14723  1.41   87686   12910  317293  4083022  46.56
1860-1864      5-9      0.00972  0.04724  2.06   74776    3533  363482  3765729  50.36
1860-1864     10-14     0.00540  0.02662  2.50   71243    1897  351483  3402247  47.76
1860-1864     15-19     0.00749  0.03680  2.63   69347    2552  340691  3050763  43.99
1860-1864     20-24     0.00950  0.04642  2.53   66795    3101  326310  2710072  40.57
1860-1864     25-29     0.01004  0.04896  2.48   63694    3118  310623  2383763  37.43
1860-1864     30-34     0.01027  0.05009  2.51   60576    3034  295336  2073140  34.22
1860-1864     35-39     0.01193  0.05796  2.53   57541    3335  279473  1777804  30.90
1860-1864     40-44     0.01271  0.06158  2.50   54207    3338  262678  1498331  27.64
1860-1864     45-49     0.01491  0.07194  2.57   50869    3659  245437  1235653  24.29
1860-1864     50-54     0.01781  0.08525  2.50   47209    4025  225983   990217  20.97
1860-1864     55-59     0.02242  0.10648  2.65   43185    4598  205099   764234  17.70
1860-1864     60-64     0.03337  0.15412  2.52   38586    5947  178189   559135  14.49
1860-1864     65-69     0.04567  0.20585  2.61   32640    6719  147123   380946  11.67
1860-1864     70-74     0.07491  0.31572  2.51   25921    8184  109247   233823   9.02
1860-1864     75-79     0.11039  0.43111  2.46   17737    7647   69269   124576   7.02
1860-1864     80-84     0.15489  0.55013  2.37   10090    5551   35838    55307   5.48
1860-1864     85-89     0.21330  0.66494  2.17    4539    3018   14151    19469   4.29
1860-1864     90-94     0.26646  0.74741  2.06    1521    1137    4266     5318   3.50
1860-1864     95-99     0.35308  0.84203  1.89     384     323     916     1052   2.74
1860-1864    100-104    0.43885  0.90089  1.73      61      55     125      136   2.24
1860-1864    105-109    0.52824  0.93933  1.57       6       6      11       11   1.88
1860-1864    110+       0.60033  1.00000  1.67       0       0       1        1   1.67
1865-1869        0      0.13325  0.12246  0.34  100000   12246   91904  4246031  42.46
1865-1869      1-4      0.03536  0.12961  1.42   87754   11374  321675  4154127  47.34
1865-1869      5-9      0.00907  0.04418  2.04   76380    3375  371905  3832452  50.18
1865-1869     10-14     0.00506  0.02500  2.53   73005    1825  360521  3460547  47.40
1865-1869     15-19     0.00738  0.03627  2.64   71180    2582  349805  3100026  43.55
1865-1869     20-24     0.00942  0.04604  2.53   68598    3158  335201  2750221  40.09
1865-1869     25-29     0.01009  0.04919  2.50   65440    3219  319138  2415020  36.90
1865-1869     30-34     0.01071  0.05214  2.51   62221    3244  303033  2095882  33.68
1865-1869     35-39     0.01201  0.05830  2.53   58976    3438  286402  1792849  30.40
1865-1869     40-44     0.01411  0.06816  2.53   55538    3785  268325  1506447  27.12
1865-1869     45-49     0.01574  0.07576  2.54   51753    3921  249102  1238122  23.92
1865-1869     50-54     0.02020  0.09622  2.54   47832    4602  227837   989020  20.68
1865-1869     55-59     0.02280  0.10797  2.55   43229    4667  204708   761183  17.61
1865-1869     60-64     0.03590  0.16525  2.60   38562    6372  177510   556475  14.43
1865-1869     65-69     0.04484  0.20164  2.51   32189    6491  144768   378965  11.77
1865-1869     70-74     0.07313  0.31052  2.57   25699    7980  109117   234198   9.11
1865-1869     75-79     0.10966  0.42767  2.43   17719    7578   69103   125081   7.06
1865-1869     80-84     0.15264  0.54428  2.37   10141    5520   36162    55978   5.52
1865-1869     85-89     0.21352  0.66566  2.17    4621    3076   14408    19816   4.29
1865-1869     90-94     0.26383  0.74193  2.05    1545    1146    4345     5409   3.50
1865-1869     95-99     0.36297  0.85089  1.88     399     339     935     1063   2.67
1865-1869    100-104    0.45501  0.90979  1.70      59      54     119      129   2.16
1865-1869    105-109    0.55031  0.94667  1.54       5       5       9       10   1.81
1865-1869    110+       0.62693  1.00000  1.60       0       0       0        0   1.60
1870-1874        0      0.13926  0.12752  0.34  100000   12752   91569  4153796  41.54
1870-1874      1-4      0.03582  0.13119  1.43   87248   11446  319544  4062226  46.56
1870-1874      5-9      0.00981  0.04771  2.09   75802    3617  368497  3742683  49.37
1870-1874     10-14     0.00559  0.02756  2.49   72186    1990  355931  3374186  46.74
1870-1874     15-19     0.00770  0.03780  2.64   70196    2654  344719  3018255  43.00
1870-1874     20-24     0.00992  0.04844  2.54   67542    3272  329658  2673536  39.58
1870-1874     25-29     0.01044  0.05086  2.48   64271    3269  313122  2343878  36.47
1870-1874     30-34     0.01070  0.05209  2.52   61002    3178  297118  2030756  33.29
1870-1874     35-39     0.01247  0.06050  2.54   57824    3499  280497  1733638  29.98
1870-1874     40-44     0.01384  0.06688  2.51   54325    3633  262572  1453141  26.75
1870-1874     45-49     0.01639  0.07881  2.57   50692    3995  243742  1190569  23.49
1870-1874     50-54     0.02051  0.09757  2.52   46697    4556  222188   946827  20.28
1870-1874     55-59     0.02540  0.11968  2.60   42140    5043  198577   724639  17.20
1870-1874     60-64     0.03619  0.16607  2.52   37097    6161  170228   526062  14.18
1870-1874     65-69     0.04750  0.21308  2.59   30936    6592  138787   355834  11.50
1870-1874     70-74     0.07688  0.32240  2.50   24345    7849  102087   217048   8.92
1870-1874     75-79     0.10866  0.42576  2.46   16496    7023   64638   114961   6.97
1870-1874     80-84     0.16032  0.56262  2.35    9473    5329   33242    50323   5.31
1870-1874     85-89     0.22463  0.68519  2.15    4143    2839   12638    17080   4.12
1870-1874     90-94     0.27442  0.75653  2.04    1304     987    3596     4443   3.41
1870-1874     95-99     0.36349  0.85065  1.87     318     270     743      847   2.67
1870-1874    100-104    0.44968  0.90655  1.71      47      43      96      104   2.19
1870-1874    105-109    0.53863  0.94267  1.55       4       4       8        8   1.84
1870-1874    110+       0.61003  1.00000  1.64       0       0       0        0   1.64
1875-1879        0      0.13021  0.11989  0.34  100000   11989   92073  4358695  43.59
1875-1879      1-4      0.03136  0.11594  1.38   88011   10204  325346  4266622  48.48
1875-1879      5-9      0.00817  0.03990  2.10   77807    3104  380039  3941276  50.65
1875-1879     10-14     0.00499  0.02466  2.53   74703    1842  368970  3561237  47.67
1875-1879     15-19     0.00701  0.03448  2.62   72861    2512  358314  3192267  43.81
1875-1879     20-24     0.00861  0.04217  2.53   70349    2967  344417  2833952  40.28
1875-1879     25-29     0.00928  0.04537  2.50   67382    3057  329268  2489535  36.95
1875-1879     30-34     0.00992  0.04840  2.53   64325    3114  313920  2160267  33.58
1875-1879     35-39     0.01145  0.05566  2.54   61211    3407  297663  1846347  30.16
1875-1879     40-44     0.01329  0.06436  2.52   57804    3720  279811  1548684  26.79
1875-1879     45-49     0.01509  0.07277  2.56   54084    3936  260813  1268873  23.46
1875-1879     50-54     0.02078  0.09891  2.57   50148    4960  238664  1008060  20.10
1875-1879     55-59     0.02468  0.11637  2.56   45188    5258  213096   769396  17.03
1875-1879     60-64     0.03824  0.17503  2.58   39930    6989  182770   556300  13.93
1875-1879     65-69     0.04884  0.21767  2.50   32941    7170  146807   373530  11.34
1875-1879     70-74     0.07614  0.32097  2.56   25771    8272  108642   226723   8.80
1875-1879     75-79     0.11393  0.43954  2.40   17499    7692   67510   118081   6.75
1875-1879     80-84     0.16530  0.57339  2.33    9808    5624   34020    50572   5.16
1875-1879     85-89     0.23404  0.70152  2.15    4184    2935   12542    16552   3.96
1875-1879     90-94     0.29412  0.78075  2.00    1249     975    3315     4010   3.21
1875-1879     95-99     0.38330  0.86626  1.84     274     237     619      695   2.54
1875-1879    100-104    0.47428  0.91862  1.67      37      34      71       76   2.08
1875-1879    105-109    0.56651  0.95105  1.51       3       3       5        5   1.76
1875-1879    110+       0.63983  1.00000  1.56       0       0       0        0   1.56
1880-1884        0      0.12999  0.11970  0.34  100000   11970   92086  4479386  44.79
1880-1884      1-4      0.02921  0.10843  1.35   88030    9545  326805  4387301  49.84
1880-1884      5-9      0.00728  0.03565  2.16   78484    2798  384474  4060496  51.74
1880-1884     10-14     0.00451  0.02231  2.52   75686    1689  374240  3676022  48.57
1880-1884     15-19     0.00661  0.03252  2.63   73997    2406  364279  3301782  44.62
1880-1884     20-24     0.00791  0.03878  2.52   71591    2776  351080  2937503  41.03
1880-1884     25-29     0.00865  0.04235  2.52   68815    2914  336847  2586423  37.59
1880-1884     30-34     0.00946  0.04623  2.53   65900    3047  321977  2249575  34.14
1880-1884     35-39     0.01096  0.05334  2.54   62854    3353  306036  1927598  30.67
1880-1884     40-44     0.01274  0.06175  2.53   59501    3674  288412  1621563  27.25
1880-1884     45-49     0.01515  0.07304  2.57   55827    4078  269233  1333151  23.88
1880-1884     50-54     0.01946  0.09287  2.54   51749    4806  246924  1063918  20.56
1880-1884     55-59     0.02513  0.11850  2.60   46943    5563  221382   816994  17.40
1880-1884     60-64     0.03599  0.16529  2.53   41381    6840  190039   595612  14.39
1880-1884     65-69     0.04773  0.21374  2.56   34541    7383  154679   405573  11.74
1880-1884     70-74     0.07135  0.30280  2.50   27158    8223  115254   250894   9.24
1880-1884     75-79     0.10328  0.40962  2.48   18935    7756   75096   135640   7.16
1880-1884     80-84     0.15665  0.55489  2.37   11179    6203   39598    60545   5.42
1880-1884     85-89     0.21720  0.67044  2.15    4976    3336   15359    20947   4.21
1880-1884     90-94     0.27439  0.75983  2.06    1640    1246    4541     5588   3.41
1880-1884     95-99     0.36447  0.85188  1.87     394     335     920     1047   2.66
1880-1884    100-104    0.45456  0.90937  1.70      58      53     117      126   2.16
1880-1884    105-109    0.54760  0.94571  1.54       5       5       9       10   1.81
1880-1884    110+       0.62233  1.00000  1.61       0       0       0        0   1.61
1885-1889        0      0.12776  0.11781  0.34  100000   11781   92211  4635250  46.35
1885-1889      1-4      0.02582  0.09659  1.32   88219    8521  330046  4543039  51.50
1885-1889      5-9      0.00613  0.03010  2.15   79698    2399  391652  4212993  52.86
1885-1889     10-14     0.00406  0.02009  2.56   77299    1553  382696  3821342  49.44
1885-1889     15-19     0.00601  0.02963  2.63   75745    2244  373404  3438646  45.40
1885-1889     20-24     0.00732  0.03596  2.53   73501    2643  360969  3065242  41.70
1885-1889     25-29     0.00786  0.03854  2.51   70858    2731  347488  2704273  38.16
1885-1889     30-34     0.00861  0.04216  2.54   68127    2872  333558  2356785  34.59
1885-1889     35-39     0.01019  0.04971  2.55   65255    3244  318330  2023227  31.00
1885-1889     40-44     0.01201  0.05832  2.54   62012    3617  301143  1704897  27.49
1885-1889     45-49     0.01408  0.06806  2.57   58395    3974  282307  1403754  24.04
1885-1889     50-54     0.01949  0.09305  2.58   54421    5064  259829  1121447  20.61
1885-1889     55-59     0.02380  0.11245  2.56   49357    5550  233249   861618  17.46
1885-1889     60-64     0.03657  0.16807  2.59   43806    7362  201296   628369  14.34
1885-1889     65-69     0.04796  0.21422  2.51   36444    7807  162784   427073  11.72
1885-1889     70-74     0.07089  0.30162  2.53   28637    8637  121851   264289   9.23
1885-1889     75-79     0.10304  0.40759  2.44   20000    8152   79111   142438   7.12
1885-1889     80-84     0.15763  0.55540  2.34   11848    6580   41747    63327   5.34
1885-1889     85-89     0.22116  0.68148  2.18    5268    3590   16231    21580   4.10
1885-1889     90-94     0.29551  0.78443  2.01    1678    1316    4454     5349   3.19
1885-1889     95-99     0.39308  0.87438  1.83     362     316     805      895   2.47
1885-1889    100-104    0.49613  0.92881  1.63      45      42      85       90   1.99
1885-1889    105-109    0.60046  0.96013  1.46       3       3       5        5   1.66
1885-1889    110+       0.68295  1.00000  1.46       0       0       0        0   1.46
1890-1894        0      0.13838  0.12678  0.34  100000   12678   91618  4548010  45.48
1890-1894      1-4      0.02698  0.10057  1.29   87322    8782  325463  4456392  51.03
1890-1894      5-9      0.00570  0.02806  2.12   78540    2204  386351  4130929  52.60
1890-1894     10-14     0.00365  0.01808  2.57   76337    1380  378324  3744578  49.05
1890-1894     15-19     0.00555  0.02741  2.64   74957    2054  369937  3366253  44.91
1890-1894     20-24     0.00690  0.03395  2.55   72902    2475  358437  2996317  41.10
1890-1894     25-29     0.00777  0.03811  2.53   70428    2684  345500  2637880  37.46
1890-1894     30-34     0.00874  0.04280  2.54   67743    2899  331597  2292380  33.84
1890-1894     35-39     0.01052  0.05130  2.55   64844    3326  316078  1960782  30.24
1890-1894     40-44     0.01233  0.05983  2.54   61517    3681  298526  1644704  26.74
1890-1894     45-49     0.01517  0.07316  2.58   57836    4231  278944  1346178  23.28
1890-1894     50-54     0.02000  0.09534  2.56   53605    5111  255545  1067235  19.91
1890-1894     55-59     0.02684  0.12607  2.60   48494    6114  227802   811689  16.74
1890-1894     60-64     0.03826  0.17481  2.53   42381    7409  193632   583887  13.78
1890-1894     65-69     0.05188  0.23023  2.56   34972    8052  155188   390256  11.16
1890-1894     70-74     0.07837  0.32743  2.49   26921    8814  112472   235068   8.73
1890-1894     75-79     0.11082  0.43149  2.44   18106    7813   70495   122595   6.77
1890-1894     80-84     0.17059  0.58535  2.32   10293    6025   35320    52100   5.06
1890-1894     85-89     0.23294  0.69774  2.13    4268    2978   12785    16780   3.93
1890-1894     90-94     0.30645  0.80155  2.03    1290    1034    3374     3996   3.10
1890-1894     95-99     0.40171  0.87958  1.80     256     225     561      622   2.43
1890-1894    100-104    0.49920  0.92952  1.62      31      29      57       61   1.98
1890-1894    105-109    0.59712  0.95904  1.46       2       2       3        4   1.67
1890-1894    110+       0.67447  1.00000  1.48       0       0       0        0   1.48
1895-1899        0      0.14251  0.13024  0.34  100000   13024   91389  4668179  46.68
1895-1899      1-4      0.02406  0.09027  1.25   86976    7851  326311  4576790  52.62
1895-1899      5-9      0.00486  0.02398  2.13   79125    1897  390180  4250479  53.72
1895-1899     10-14     0.00326  0.01615  2.58   77228    1247  383122  3860299  49.99
1895-1899     15-19     0.00495  0.02448  2.63   75981    1860  375503  3477177  45.76
1895-1899     20-24     0.00621  0.03057  2.55   74121    2266  365045  3101674  41.85
1895-1899     25-29     0.00706  0.03469  2.53   71855    2493  353122  2736629  38.09
1895-1899     30-34     0.00806  0.03951  2.56   69362    2740  340115  2383507  34.36
1895-1899     35-39     0.00983  0.04798  2.55   66622    3196  325269  2043392  30.67
1895-1899     40-44     0.01144  0.05565  2.55   63426    3530  308489  1718122  27.09
1895-1899     45-49     0.01460  0.07052  2.59   59896    4224  289283  1409633  23.53
1895-1899     50-54     0.02004  0.09558  2.58   55672    5321  265487  1120350  20.12
1895-1899     55-59     0.02587  0.12170  2.57   50351    6127  236858   854863  16.98
1895-1899     60-64     0.03872  0.17698  2.57   44223    7826  202114   618005  13.97
1895-1899     65-69     0.05014  0.22286  2.51   36397    8111  161778   415892  11.43
1895-1899     70-74     0.07481  0.31556  2.52   28286    8926  119315   254113   8.98
1895-1899     75-79     0.10724  0.41988  2.42   19360    8129   75797   134798   6.96
1895-1899     80-84     0.15956  0.55989  2.34   11231    6288   39410    59001   5.25
1895-1899     85-89     0.23234  0.70082  2.17    4943    3464   14909    19591   3.96
1895-1899     90-94     0.29645  0.77915  1.96    1479    1152    3887     4682   3.17
1895-1899     95-99     0.40032  0.87917  1.81     327     287     717      795   2.43
1895-1899    100-104    0.50248  0.93113  1.62      39      37      73       78   1.97
1895-1899    105-109    0.60456  0.96091  1.45       3       3       4        4   1.65
1895-1899    110+       0.68469  1.00000  1.46       0       0       0        0   1.46
1900-1904        0      0.13458  0.12358  0.34  100000   12358   91828  4774821  47.75
1900-1904      1-4      0.02136  0.08069  1.25   87642    7072  331125  4682993  53.43
1900-1904      5-9      0.00437  0.02158  2.14   80570    1739  397878  4351868  54.01
1900-1904     10-14     0.00301  0.01493  2.59   78831    1177  391318  3953990  50.16
1900-1904     15-19     0.00463  0.02288  2.63   77655    1776  384073  3562672  45.88
1900-1904     20-24     0.00573  0.02826  2.55   75878    2144  374150  3178599  41.89
1900-1904     25-29     0.00668  0.03284  2.54   73734    2421  362723  2804449  38.03
1900-1904     30-34     0.00771  0.03785  2.57   71313    2699  349991  2441726  34.24
1900-1904     35-39     0.00959  0.04687  2.56   68614    3216  335216  2091735  30.49
1900-1904     40-44     0.01132  0.05506  2.54   65397    3600  318146  1756519  26.86
1900-1904     45-49     0.01437  0.06946  2.60   61797    4292  298692  1438372  23.28
1900-1904     50-54     0.02013  0.09598  2.58   57505    5519  274171  1139681  19.82
1900-1904     55-59     0.02737  0.12843  2.60   51985    6676  243883   865509  16.65
1900-1904     60-64     0.03930  0.17916  2.54   45309    8117  206550   621626  13.72
1900-1904     65-69     0.05280  0.23365  2.54   37192    8690  164572   415077  11.16
1900-1904     70-74     0.07734  0.32385  2.49   28502    9230  119352   250505   8.79
1900-1904     75-79     0.11039  0.42979  2.43   19272    8283   75034   131153   6.81
1900-1904     80-84     0.16463  0.57191  2.33   10989    6285   38174    56119   5.11
1900-1904     85-89     0.23897  0.71242  2.17    4704    3351   14024    17946   3.81
1900-1904     90-94     0.32946  0.82039  1.94    1353    1110    3369     3921   2.90
1900-1904     95-99     0.43027  0.89822  1.76     243     218     507      553   2.27
1900-1904    100-104    0.54092  0.94483  1.56      25      23      43       45   1.83
1900-1904    105-109    0.64814  0.96964  1.39       1       1       2        2   1.54
1900-1904    110+       0.73013  1.00000  1.37       0       0       0        0   1.37
1905-1909        0      0.12289  0.11366  0.34  100000   11366   92485  4973292  49.73
1905-1909      1-4      0.01988  0.07542  1.26   88634    6685  336237  4880807  55.07
1905-1909      5-9      0.00414  0.02046  2.18   81949    1676  405013  4544570  55.46
1905-1909     10-14     0.00281  0.01395  2.55   80273    1120  398613  4139557  51.57
1905-1909     15-19     0.00408  0.02019  2.64   79152    1598  391987  3740943  47.26
1905-1909     20-24     0.00511  0.02524  2.54   77555    1958  382961  3348956  43.18
1905-1909     25-29     0.00573  0.02824  2.54   75597    2135  372725  2965995  39.23
1905-1909     30-34     0.00666  0.03276  2.56   73462    2407  361448  2593270  35.30
1905-1909     35-39     0.00835  0.04091  2.57   71055    2907  348202  2231823  31.41
1905-1909     40-44     0.01001  0.04888  2.57   68148    3331  332632  1883620  27.64
1905-1909     45-49     0.01312  0.06361  2.60   64817    4123  314180  1550989  23.93
1905-1909     50-54     0.01832  0.08775  2.60   60694    5326  290678  1236809  20.38
1905-1909     55-59     0.02575  0.12128  2.60   55368    6715  260739   946131  17.09
1905-1909     60-64     0.03811  0.17429  2.55   48653    8480  222500   685392  14.09
1905-1909     65-69     0.04844  0.21618  2.52   40173    8685  179286   462891  11.52
1905-1909     70-74     0.07491  0.31619  2.54   31488    9956  132905   283605   9.01
1905-1909     75-79     0.10624  0.41671  2.41   21532    8973   84455   150700   7.00
1905-1909     80-84     0.15639  0.55295  2.35   12559    6945   44407    66245   5.27
1905-1909     85-89     0.23509  0.70691  2.18    5615    3969   16884    21838   3.89
1905-1909     90-94     0.31390  0.80443  1.97    1646    1324    4217     4955   3.01
1905-1909     95-99     0.42660  0.89642  1.77     322     289     676      737   2.29
1905-1909    100-104    0.53980  0.94464  1.56      33      31      58       61   1.83
1905-1909    105-109    0.64915  0.96989  1.39       2       2       3        3   1.54
1905-1909    110+       0.73247  1.00000  1.37       0       0       0        0   1.37
1910-1914        0      0.11937  0.11063  0.34  100000   11063   92681  5143828  51.44
1910-1914      1-4      0.01789  0.06822  1.25   88937    6067  339085  5051147  56.79
1910-1914      5-9      0.00375  0.01856  2.16   82870    1538  409985  4712063  56.86
1910-1914     10-14     0.00251  0.01246  2.56   81331    1013  404188  4302078  52.90
1910-1914     15-19     0.00361  0.01787  2.61   80318    1435  398165  3897890  48.53
1910-1914     20-24     0.00432  0.02138  2.55   78883    1687  390289  3499725  44.37
1910-1914     25-29     0.00515  0.02542  2.55   77196    1963  381168  3109437  40.28
1910-1914     30-34     0.00602  0.02966  2.57   75233    2231  370745  2728269  36.26
1910-1914     35-39     0.00751  0.03689  2.56   73002    2693  358449  2357524  32.29
1910-1914     40-44     0.00906  0.04434  2.57   70309    3117  343958  1999074  28.43
1910-1914     45-49     0.01183  0.05751  2.61   67192    3864  326713  1655117  24.63
1910-1914     50-54     0.01659  0.07975  2.59   63328    5051  304482  1328404  20.98
1910-1914     55-59     0.02320  0.10992  2.61   58277    6406  276068  1023921  17.57
1910-1914     60-64     0.03349  0.15471  2.54   51871    8025  239645   747853  14.42
1910-1914     65-69     0.04500  0.20313  2.61   43846    8906  197918   508208  11.59
1910-1914     70-74     0.07778  0.32598  2.52   34939   11390  146434   310290   8.88
1910-1914     75-79     0.10973  0.42735  2.41   23550   10064   91717   163856   6.96
1910-1914     80-84     0.15648  0.55186  2.33   13486    7442   47560    72139   5.35
1910-1914     85-89     0.22099  0.68238  2.20    6044    4124   18661    24579   4.07
1910-1914     90-94     0.30770  0.79920  1.99    1920    1534    4986     5918   3.08
1910-1914     95-99     0.40281  0.88134  1.81     385     340     843      932   2.42
1910-1914    100-104    0.51033  0.93448  1.61      46      43      84       89   1.94
1910-1914    105-109    0.61775  0.96396  1.43       3       3       5        5   1.61
1910-1914    110+       0.70171  1.00000  1.43       0       0       0        0   1.43
1915-1919        0      0.11425  0.10616  0.33  100000   10616   92916  5071144  50.71
1915-1919      1-4      0.01975  0.07499  1.29   89384    6703  339378  4978228  55.69
1915-1919      5-9      0.00400  0.01978  2.15   82681    1635  408746  4638850  56.11
1915-1919     10-14     0.00275  0.01366  2.58   81046    1107  402556  4230104  52.19
1915-1919     15-19     0.00430  0.02131  2.68   79939    1703  395742  3827548  47.88
1915-1919     20-24     0.00519  0.02560  2.53   78236    2003  386235  3431806  43.87
1915-1919     25-29     0.00629  0.03098  2.56   76232    2362  375391  3045571  39.95
1915-1919     30-34     0.00691  0.03397  2.51   73871    2510  363099  2670180  36.15
1915-1919     35-39     0.00753  0.03697  2.53   71361    2638  350297  2307081  32.33
1915-1919     40-44     0.00875  0.04285  2.56   68723    2945  336438  1956784  28.47
1915-1919     45-49     0.01146  0.05577  2.60   65778    3669  320098  1620346  24.63
1915-1919     50-54     0.01600  0.07703  2.61   62109    4784  299103  1300249  20.93
1915-1919     55-59     0.02271  0.10767  2.60   57325    6172  271784  1001146  17.46
1915-1919     60-64     0.03282  0.15205  2.58   51152    7778  236957   729362  14.26
1915-1919     65-69     0.04754  0.21309  2.57   43375    9243  194404   492405  11.35
1915-1919     70-74     0.07597  0.32029  2.55   34132   10932  143909   298001   8.73
1915-1919     75-79     0.11874  0.45373  2.40   23200   10527   88652   154092   6.64
1915-1919     80-84     0.16241  0.56565  2.32   12673    7169   44139    65440   5.16
1915-1919     85-89     0.23662  0.70837  2.17    5505    3899   16479    21301   3.87
1915-1919     90-94     0.31538  0.80687  1.97    1605    1295    4107     4822   3.00
1915-1919     95-99     0.42404  0.89456  1.77     310     277     654      715   2.31
1915-1919    100-104    0.53356  0.94246  1.57      33      31      58       61   1.86
1915-1919    105-109    0.64036  0.96825  1.40       2       2       3        3   1.56
1915-1919    110+       0.72249  1.00000  1.38       0       0       0        0   1.38
1920-1924        0      0.09928  0.09295  0.31  100000    9295   93629  5506220  55.06
1920-1924      1-4      0.01421  0.05469  1.24   90705    4961  349102  5412591  59.67
1920-1924      5-9      0.00289  0.01434  2.18   85744    1230  425249  5063489  59.05
1920-1924     10-14     0.00194  0.00965  2.57   84514     815  420584  4638240  54.88
1920-1924     15-19     0.00294  0.01461  2.63   83698    1223  415595  4217656  50.39
1920-1924     20-24     0.00374  0.01855  2.58   82475    1530  408667  3802061  46.10
1920-1924     25-29     0.00439  0.02170  2.55   80945    1756  400424  3393394  41.92
1920-1924     30-34     0.00515  0.02543  2.57   79189    2013  391042  2992969  37.80
1920-1924     35-39     0.00620  0.03056  2.55   77175    2358  380095  2601927  33.71
1920-1924     40-44     0.00724  0.03557  2.57   74817    2661  367618  2221832  29.70
1920-1924     45-49     0.00954  0.04664  2.60   72156    3365  352705  1854214  25.70
1920-1924     50-54     0.01338  0.06486  2.63   68791    4462  333376  1501509  21.83
1920-1924     55-59     0.01990  0.09500  2.63   64329    6111  307144  1168132  18.16
1920-1924     60-64     0.03008  0.14025  2.60   58218    8165  271460   860988  14.79
1920-1924     65-69     0.04400  0.19878  2.58   50053    9950  226143   589528  11.78
1920-1924     70-74     0.07103  0.30283  2.57   40103   12145  170987   363385   9.06
1920-1924     75-79     0.10997  0.42872  2.43   27959   11986  108998   192399   6.88
1920-1924     80-84     0.15988  0.56076  2.34   15972    8957   56020    83401   5.22
1920-1924     85-89     0.23231  0.70185  2.18    7016    4924   21196    27381   3.90
1920-1924     90-94     0.32209  0.81334  1.96    2092    1701    5282     6185   2.96
1920-1924     95-99     0.42241  0.89386  1.77     390     349     826      903   2.31
1920-1924    100-104    0.53453  0.94297  1.57      41      39      73       77   1.85
1920-1924    105-109    0.64408  0.96903  1.39       2       2       4        4   1.55
1920-1924    110+       0.72822  1.00000  1.37       0       0       0        0   1.37
1925-1929        0      0.09105  0.08560  0.30  100000    8560   94018  5658750  56.59
1925-1929      1-4      0.01163  0.04506  1.23   91440    4120  354342  5564732  60.86
1925-1929      5-9      0.00258  0.01281  2.26   87319    1118  433536  5210390  59.67
1925-1929     10-14     0.00181  0.00899  2.53   86201     775  429092  4776853  55.42
1925-1929     15-19     0.00275  0.01366  2.64   85427    1167  424373  4347761  50.89
1925-1929     20-24     0.00335  0.01659  2.56   84259    1398  417888  3923388  46.56
1925-1929     25-29     0.00398  0.01968  2.55   82861    1631  410313  3505500  42.31
1925-1929     30-34     0.00453  0.02238  2.56   81230    1818  401709  3095187  38.10
1925-1929     35-39     0.00583  0.02874  2.59   79412    2283  391567  2693478  33.92
1925-1929     40-44     0.00711  0.03494  2.56   77130    2695  379063  2301910  29.84
1925-1929     45-49     0.00919  0.04496  2.61   74434    3346  364180  1922847  25.83
1925-1929     50-54     0.01282  0.06218  2.61   71088    4420  344880  1558667  21.93
1925-1929     55-59     0.01910  0.09138  2.64   66668    6092  318955  1213787  18.21
1925-1929     60-64     0.02888  0.13504  2.60   60576    8180  283218   894832  14.77
1925-1929     65-69     0.04342  0.19654  2.59   52396   10298  237174   611614  11.67
1925-1929     70-74     0.07228  0.30762  2.58   42098   12950  179158   374440   8.89
1925-1929     75-79     0.11489  0.44195  2.39   29148   12882  112119   195282   6.70
1925-1929     80-84     0.16183  0.56495  2.33   16266    9189   56783    83163   5.11
1925-1929     85-89     0.24561  0.72558  2.18    7076    5135   20906    26379   3.73
1925-1929     90-94     0.33804  0.82703  1.91    1942    1606    4751     5474   2.82
1925-1929     95-99     0.45594  0.91265  1.71     336     307     672      723   2.15
1925-1929    100-104    0.57759  0.95563  1.50      29      28      49       50   1.72
1925-1929    105-109    0.69155  0.97652  1.33       1       1       2        2   1.44
1925-1929    110+       0.77565  1.00000  1.29       0       0       0        0   1.29
1930-1934        0      0.08647  0.08145  0.29  100000    8145   94200  5811047  58.11
1930-1934      1-4      0.00947  0.03694  1.30   91855    3393  358252  5716847  62.24
1930-1934      5-9      0.00250  0.01242  2.20   88462    1099  439231  5358595  60.58
1930-1934     10-14     0.00163  0.00813  2.61   87363     710  435116  4919364  56.31
1930-1934     15-19     0.00257  0.01275  2.62   86653    1105  430630  4484248  51.75
1930-1934     20-24     0.00318  0.01578  2.55   85548    1350  424428  4053617  47.38
1930-1934     25-29     0.00352  0.01747  2.54   84198    1471  417369  3629189  43.10
1930-1934     30-34     0.00417  0.02063  2.58   82728    1706  409515  3211820  38.82
1930-1934     35-39     0.00517  0.02553  2.56   81021    2068  400069  2802305  34.59
1930-1934     40-44     0.00658  0.03238  2.61   78953    2557  388648  2402236  30.43
1930-1934     45-49     0.00888  0.04348  2.59   76396    3322  373990  2013588  26.36
1930-1934     50-54     0.01198  0.05826  2.62   73074    4257  355255  1639598  22.44
1930-1934     55-59     0.01781  0.08542  2.62   68817    5879  330107  1284343  18.66
1930-1934     60-64     0.02702  0.12696  2.62   62938    7990  295687   954235  15.16
1930-1934     65-69     0.04225  0.19197  2.62   54948   10548  249663   658549  11.98
1930-1934     70-74     0.06740  0.28843  2.50   44400   12806  189995   408885   9.21
1930-1934     75-79     0.10845  0.42664  2.50   31593   13479  124291   218890   6.93
1930-1934     80-84     0.15856  0.55745  2.34   18114   10098   63684    94599   5.22
1930-1934     85-89     0.23568  0.70821  2.18    8016    5677   24089    30915   3.86
1930-1934     90-94     0.32579  0.81754  1.95    2339    1912    5870     6826   2.92
1930-1934     95-99     0.43663  0.90244  1.75     427     385     882      956   2.24
1930-1934    100-104    0.55498  0.94947  1.54      42      40      71       74   1.79
1930-1934    105-109    0.66851  0.97319  1.36       2       2       3        3   1.49
1930-1934    110+       0.75401  1.00000  1.33       0       0       0        0   1.33
1935-1939        0      0.07929  0.07494  0.27  100000    7494   94516  5977732  59.78
1935-1939      1-4      0.00646  0.02539  1.36   92506    2349  363827  5883216  63.60
1935-1939      5-9      0.00202  0.01003  2.21   90157     905  448259  5519389  61.22
1935-1939     10-14     0.00138  0.00685  2.58   89253     612  444781  5071131  56.82
1935-1939     15-19     0.00235  0.01171  2.72   88641    1038  440840  4626350  52.19
1935-1939     20-24     0.00296  0.01468  2.49   87603    1286  434785  4185510  47.78
1935-1939     25-29     0.00313  0.01551  2.53   86317    1339  428276  3750725  43.45
1935-1939     30-34     0.00356  0.01764  2.58   84978    1499  421256  3322449  39.10
1935-1939     35-39     0.00466  0.02306  2.60   83479    1925  412787  2901193  34.75
1935-1939     40-44     0.00599  0.02953  2.59   81555    2409  401974  2488406  30.51
1935-1939     45-49     0.00849  0.04162  2.64   79146    3294  387966  2086432  26.36
1935-1939     50-54     0.01232  0.05985  2.61   75852    4540  368399  1698466  22.39
1935-1939     55-59     0.01736  0.08336  2.62   71312    5944  342426  1330067  18.65
1935-1939     60-64     0.02648  0.12456  2.62   65368    8142  307469   987641  15.11
1935-1939     65-69     0.04245  0.19271  2.61   57225   11028  259800   680172  11.89
1935-1939     70-74     0.06875  0.29424  2.55   46198   13593  197717   420372   9.10
1935-1939     75-79     0.11118  0.43600  2.53   32605   14215  127861   222655   6.83
1935-1939     80-84     0.16104  0.56432  2.35   18389   10377   64439    94794   5.15
1935-1939     85-89     0.24006  0.71426  2.17    8012    5722   23838    30355   3.79
1935-1939     90-94     0.33424  0.82751  1.95    2289    1894    5668     6517   2.85
1935-1939     95-99     0.45604  0.91282  1.72     395     360     790      849   2.15
1935-1939    100-104    0.57903  0.95605  1.50      34      33      57       59   1.71
1935-1939    105-109    0.69404  0.97688  1.32       2       1       2        2   1.44
1935-1939    110+       0.77866  1.00000  1.28       0       0       0        0   1.28
1940-1944        0      0.07651  0.07241  0.26  100000    7241   94648  5962988  59.63
1940-1944      1-4      0.00506  0.01999  1.53   92759    1854  366459  5868340  63.26
1940-1944      5-9      0.00188  0.00935  2.18   90904     850  452122  5501880  60.52
1940-1944     10-14     0.00138  0.00686  2.69   90054     618  448845  5049758  56.07
1940-1944     15-19     0.00293  0.01456  2.80   89436    1302  444309  4600913  51.44
1940-1944     20-24     0.00583  0.02877  2.62   88134    2535  434640  4156604  47.16
1940-1944     25-29     0.00471  0.02326  2.33   85598    1991  422679  3721964  43.48
1940-1944     30-34     0.00415  0.02055  2.52   83608    1718  413776  3299285  39.46
1940-1944     35-39     0.00475  0.02348  2.56   81890    1922  404749  2885509  35.24
1940-1944     40-44     0.00600  0.02955  2.61   79967    2363  394185  2480760  31.02
1940-1944     45-49     0.00811  0.03980  2.61   77604    3089  380637  2086575  26.89
1940-1944     50-54     0.01176  0.05721  2.64   74515    4263  362498  1705938  22.89
1940-1944     55-59     0.01720  0.08260  2.61   70253    5803  337385  1343440  19.12
1940-1944     60-64     0.02532  0.11944  2.63   64450    7698  303997  1006055  15.61
1940-1944     65-69     0.03971  0.18120  2.59   56752   10283  258961   702059  12.37
1940-1944     70-74     0.06246  0.27111  2.57   46469   12598  201694   443097   9.54
1940-1944     75-79     0.10018  0.40043  2.50   33871   13563  135389   241403   7.13
1940-1944     80-84     0.15713  0.55486  2.35   20308   11268   71710   106014   5.22
1940-1944     85-89     0.23789  0.71302  2.19    9040    6446   27095    34304   3.79
1940-1944     90-94     0.34325  0.83236  1.91    2594    2159    6291     7208   2.78
1940-1944     95-99     0.46537  0.91773  1.70     435     399     858      917   2.11
1940-1944    100-104    0.59385  0.95983  1.47      36      34      58       60   1.67
1940-1944    105-109    0.71194  0.97923  1.30       1       1       2        2   1.40
1940-1944    110+       0.79705  1.00000  1.25       0       0       0        0   1.25
1945-1949        0      0.05327  0.05109  0.20  100000    5109   95895  6419718  64.20
1945-1949      1-4      0.00271  0.01076  1.57   94891    1021  377085  6323824  66.64
1945-1949      5-9      0.00113  0.00565  2.29   93871     531  467914  5946738  63.35
1945-1949     10-14     0.00094  0.00467  2.70   93340     436  465698  5478825  58.70
1945-1949     15-19     0.00199  0.00993  2.79   92904     922  462479  5013127  53.96
1945-1949     20-24     0.00298  0.01481  2.54   91981    1362  456552  4550648  49.47
1945-1949     25-29     0.00300  0.01490  2.51   90619    1350  449740  4094096  45.18
1945-1949     30-34     0.00297  0.01472  2.47   89269    1314  443016  3644356  40.82
1945-1949     35-39     0.00343  0.01700  2.60   87955    1496  436185  3201340  36.40
1945-1949     40-44     0.00461  0.02282  2.63   86459    1973  427616  2765155  31.98
1945-1949     45-49     0.00691  0.03400  2.67   84486    2873  415722  2337539  27.67
1945-1949     50-54     0.01060  0.05172  2.64   81613    4221  398094  1921818  23.55
1945-1949     55-59     0.01588  0.07652  2.63   77392    5922  372941  1523723  19.69
1945-1949     60-64     0.02367  0.11203  2.62   71469    8007  338290  1150783  16.10
1945-1949     65-69     0.03712  0.17046  2.61   63463   10818  291428   812492  12.80
1945-1949     70-74     0.05808  0.25443  2.57   52645   13394  230634   521064   9.90
1945-1949     75-79     0.09428  0.38107  2.49   39251   14957  158643   290430   7.40
1945-1949     80-84     0.14988  0.53795  2.38   24293   13069   87195   131787   5.42
1945-1949     85-89     0.22535  0.69082  2.20   11225    7754   34410    44592   3.97
1945-1949     90-94     0.32302  0.81797  1.98    3470    2839    8788    10182   2.93
1945-1949     95-99     0.44340  0.90696  1.74     632     573    1292     1394   2.21
1945-1949    100-104    0.57159  0.95450  1.51      59      56      98      102   1.74
1945-1949    105-109    0.69244  0.97684  1.33       3       3       4        4   1.44
1945-1949    110+       0.78112  1.00000  1.28       0       0       0        0   1.28
1950-1954        0      0.03583  0.03477  0.15  100000    3477   97037  6721946  67.22
1950-1954      1-4      0.00157  0.00627  1.57   96523     605  384622  6624909  68.64
1950-1954      5-9      0.00065  0.00324  2.24   95918     311  478735  6240287  65.06
1950-1954     10-14     0.00047  0.00236  2.64   95607     226  477504  5761552  60.26
1950-1954     15-19     0.00097  0.00485  2.80   95381     463  475887  5284049  55.40
1950-1954     20-24     0.00136  0.00680  2.58   94919     645  473029  4808162  50.66
1950-1954     25-29     0.00164  0.00816  2.54   94273     769  469476  4335133  45.98
1950-1954     30-34     0.00194  0.00964  2.63   93504     902  465381  3865657  41.34
1950-1954     35-39     0.00251  0.01247  2.58   92602    1155  460221  3400277  36.72
1950-1954     40-44     0.00372  0.01842  2.68   91448    1684  453339  2940055  32.15
1950-1954     45-49     0.00609  0.03005  2.69   89763    2697  442578  2486717  27.70
1950-1954     50-54     0.01000  0.04887  2.68   87066    4255  425441  2044138  23.48
1950-1954     55-59     0.01559  0.07517  2.64   82811    6225  399340  1618697  19.55
1950-1954     60-64     0.02432  0.11497  2.63   76586    8805  362066  1219357  15.92
1950-1954     65-69     0.03756  0.17230  2.61   67781   11679  310943   857291  12.65
1950-1954     70-74     0.05954  0.26006  2.57   56102   14590  245042   546348   9.74
1950-1954     75-79     0.09769  0.39281  2.51   41513   16307  166928   301307   7.26
1950-1954     80-84     0.15343  0.54656  2.37   25206   13777   89789   134378   5.33
1950-1954     85-89     0.23015  0.69895  2.19   11429    7989   34710    44589   3.90
1950-1954     90-94     0.33133  0.82486  1.96    3441    2838    8566     9879   2.87
1950-1954     95-99     0.44980  0.91000  1.73     603     548    1219     1313   2.18
1950-1954    100-104    0.57544  0.95530  1.50      54      52      90       94   1.72
1950-1954    105-109    0.69300  0.97681  1.32       2       2       3        3   1.44
1950-1954    110+       0.77928  1.00000  1.28       0       0       0        0   1.28
1955-1959        0      0.03006  0.02930  0.13  100000    2930   97456  6865569  68.66
1955-1959      1-4      0.00109  0.00434  1.58   97070     421  387261  6768113  69.72
1955-1959      5-9      0.00047  0.00235  2.31   96649     227  482635  6380852  66.02
1955-1959     10-14     0.00041  0.00207  2.63   96422     199  481638  5898216  61.17
1955-1959     15-19     0.00066  0.00328  2.69   96223     315  480386  5416578  56.29
1955-1959     20-24     0.00087  0.00432  2.57   95907     414  478533  4936192  51.47
1955-1959     25-29     0.00112  0.00558  2.61   95493     533  476194  4457659  46.68
1955-1959     30-34     0.00146  0.00727  2.60   94960     690  473147  3981465  41.93
1955-1959     35-39     0.00216  0.01073  2.72   94270    1012  469040  3508318  37.22
1955-1959     40-44     0.00336  0.01665  2.64   93258    1552  462628  3039278  32.59
1955-1959     45-49     0.00548  0.02708  2.70   91706    2483  452826  2576650  28.10
1955-1959     50-54     0.00922  0.04511  2.68   89222    4025  436770  2123825  23.80
1955-1959     55-59     0.01507  0.07277  2.67   85197    6200  411533  1687055  19.80
1955-1959     60-64     0.02373  0.11231  2.62   78997    8872  373895  1275522  16.15
1955-1959     65-69     0.03713  0.17051  2.61   70125   11957  322002   901627  12.86
1955-1959     70-74     0.05806  0.25443  2.57   58168   14800  254886   579625   9.96
1955-1959     75-79     0.09241  0.37527  2.50   43368   16275  176116   324739   7.49
1955-1959     80-84     0.14679  0.53105  2.40   27093   14388   98014   148623   5.49
1955-1959     85-89     0.22397  0.68883  2.21   12706    8752   39077    50609   3.98
1955-1959     90-94     0.32489  0.81968  1.98    3954    3241    9975    11532   2.92
1955-1959     95-99     0.44821  0.90970  1.73     713     649    1447     1557   2.18
1955-1959    100-104    0.57931  0.95657  1.50      64      62     106      110   1.71
1955-1959    105-109    0.70163  0.97807  1.31       3       3       4        4   1.42
1955-1959    110+       0.79041  1.00000  1.27       0       0       0        0   1.27
1960-1964        0      0.02672  0.02610  0.12  100000    2610   97709  6924191  69.24
1960-1964      1-4      0.00102  0.00407  1.58   97390     396  388601  6826482  70.09
1960-1964      5-9      0.00045  0.00226  2.33   96994     219  484383  6437881  66.37
1960-1964     10-14     0.00038  0.00188  2.56   96774     182  483428  5953498  61.52
1960-1964     15-19     0.00059  0.00295  2.71   96592     285  482309  5470070  56.63
1960-1964     20-24     0.00080  0.00399  2.53   96307     384  480587  4987761  51.79
1960-1964     25-29     0.00096  0.00479  2.53   95923     460  478476  4507174  46.99
1960-1964     30-34     0.00125  0.00622  2.70   95463     593  475951  4028697  42.20
1960-1964     35-39     0.00206  0.01024  2.66   94870     971  472079  3552747  37.45
1960-1964     40-44     0.00331  0.01641  2.74   93898    1541  466013  3080667  32.81
1960-1964     45-49     0.00535  0.02641  2.70   92357    2439  456170  2614654  28.31
1960-1964     50-54     0.00902  0.04416  2.70   89918    3971  440446  2158484  24.01
1960-1964     55-59     0.01485  0.07177  2.66   85947    6168  415291  1718038  19.99
1960-1964     60-64     0.02396  0.11342  2.65   79779    9049  377600  1302747  16.33
1960-1964     65-69     0.03650  0.16777  2.60   70731   11867  325149   925146  13.08
1960-1964     70-74     0.05661  0.24883  2.57   58864   14647  258725   599997  10.19
1960-1964     75-79     0.08895  0.36413  2.51   44217   16100  181011   341272   7.72
1960-1964     80-84     0.14006  0.51381  2.41   28116   14446  103146   160261   5.70
1960-1964     85-89     0.21145  0.66759  2.24   13670    9126   43159    57115   4.18
1960-1964     90-94     0.30736  0.80395  2.03    4544    3653   11886    13956   3.07
1960-1964     95-99     0.41943  0.89339  1.79     891     796    1898     2070   2.32
1960-1964    100-104    0.54421  0.94677  1.56      95      90     165      173   1.82
1960-1964    105-109    0.66490  0.97287  1.36       5       5       7        8   1.50
1960-1964    110+       0.75558  1.00000  1.32       0       0       0        0   1.32
1965-1969        0      0.02241  0.02197  0.11  100000    2197   98046  7007905  70.08
1965-1969      1-4      0.00090  0.00360  1.65   97803     352  390384  6909859  70.65
1965-1969      5-9      0.00042  0.00212  2.21   97451     207  486677  6519475  66.90
1965-1969     10-14     0.00038  0.00190  2.61   97244     185  485777  6032798  62.04
1965-1969     15-19     0.00070  0.00348  2.78   97059     337  484545  5547021  57.15
1965-1969     20-24     0.00081  0.00402  2.42   96722     389  482605  5062476  52.34
1965-1969     25-29     0.00090  0.00450  2.56   96333     434  480604  4579872  47.54
1965-1969     30-34     0.00114  0.00569  2.63   95899     545  478204  4099268  42.75
1965-1969     35-39     0.00186  0.00928  2.70   95354     885  474736  3621064  37.98
1965-1969     40-44     0.00320  0.01587  2.69   94469    1499  468885  3146328  33.31
1965-1969     45-49     0.00531  0.02623  2.68   92970    2439  459198  2677444  28.80
1965-1969     50-54     0.00871  0.04269  2.69   90531    3865  443721  2218246  24.50
1965-1969     55-59     0.01409  0.06822  2.67   86665    5912  419523  1774525  20.48
1965-1969     60-64     0.02253  0.10698  2.65   80753    8639  383437  1355002  16.78
1965-1969     65-69     0.03513  0.16199  2.60   72114   11682  332530   971565  13.47
1965-1969     70-74     0.05432  0.23991  2.57   60433   14498  266890   639035  10.57
1965-1969     75-79     0.08345  0.34521  2.50   45934   15857  190016   372144   8.10
1965-1969     80-84     0.12696  0.47859  2.43   30077   14395  113381   182128   6.06
1965-1969     85-89     0.19872  0.64257  2.25   15683   10077   50711    68748   4.38
1965-1969     90-94     0.29054  0.78579  2.08    5605    4405   15160    18036   3.22
1965-1969     95-99     0.40562  0.88532  1.82    1201    1063    2621     2876   2.40
1965-1969    100-104    0.53401  0.94395  1.58     138     130     243      255   1.85
1965-1969    105-109    0.65966  0.97223  1.37       8       8      11       12   1.51
1965-1969    110+       0.75428  1.00000  1.33       0       0       0        0   1.33
1970-1974        0      0.01919  0.01886  0.10  100000    1886   98305  7061606  70.62
1970-1974      1-4      0.00081  0.00324  1.64   98114     318  391705  6963301  70.97
1970-1974      5-9      0.00040  0.00198  2.22   97796     193  488443  6571596  67.20
1970-1974     10-14     0.00030  0.00149  2.42   97603     146  487637  6083153  62.33
1970-1974     15-19     0.00065  0.00325  2.77   97457     317  486577  5595516  57.42
1970-1974     20-24     0.00080  0.00399  2.49   97140     388  484727  5108939  52.59
1970-1974     25-29     0.00084  0.00417  2.57   96752     403  482781  4624212  47.79
1970-1974     30-34     0.00113  0.00562  2.63   96349     542  480462  4141431  42.98
1970-1974     35-39     0.00181  0.00903  2.68   95807     865  477032  3660970  38.21
1970-1974     40-44     0.00307  0.01526  2.73   94942    1449  471416  3183937  33.54
1970-1974     45-49     0.00543  0.02681  2.71   93493    2507  461712  2712522  29.01
1970-1974     50-54     0.00889  0.04354  2.66   90986    3961  445671  2250810  24.74
1970-1974     55-59     0.01397  0.06764  2.65   87025    5886  421264  1805139  20.74
1970-1974     60-64     0.02181  0.10374  2.65   81139    8417  385874  1383875  17.06
1970-1974     65-69     0.03412  0.15775  2.61   72722   11472  336176   998000  13.72
1970-1974     70-74     0.05268  0.23341  2.56   61250   14296  271383   661824  10.81
1970-1974     75-79     0.08038  0.33503  2.52   46954   15731  195715   390441   8.32
1970-1974     80-84     0.12230  0.46561  2.44   31223   14538  118874   194726   6.24
1970-1974     85-89     0.18915  0.62408  2.27   16685   10413   55050    75852   4.55
1970-1974     90-94     0.28035  0.77237  2.09    6272    4845   17280    20802   3.32
1970-1974     95-99     0.39271  0.87680  1.84    1428    1252    3188     3521   2.47
1970-1974    100-104    0.52075  0.93969  1.60     176     165     317      334   1.90
1970-1974    105-109    0.64818  0.97042  1.39      11      10      16       16   1.54
1970-1974    110+       0.74517  1.00000  1.34       0       0       0        0   1.34
1975-1979        0      0.01490  0.01470  0.09  100000    1470   98662  7140417  71.40
1975-1979      1-4      0.00065  0.00261  1.66   98530     257  393521  7041755  71.47
1975-1979      5-9      0.00031  0.00153  2.36   98273     151  490969  6648234  67.65
1975-1979     10-14     0.00029  0.00144  2.61   98123     142  490274  6157265  62.75
1975-1979     15-19     0.00065  0.00324  2.92   97981     318  489245  5666991  57.84
1975-1979     20-24     0.00079  0.00395  2.43   97663     386  487326  5177746  53.02
1975-1979     25-29     0.00083  0.00416  2.60   97277     404  485415  4690420  48.22
1975-1979     30-34     0.00112  0.00558  2.64   96873     540  483091  4205005  43.41
1975-1979     35-39     0.00174  0.00868  2.71   96333     837  479744  3721914  38.64
1975-1979     40-44     0.00296  0.01471  2.78   95496    1405  474356  3242170  33.95
1975-1979     45-49     0.00509  0.02517  2.69   94091    2368  464977  2767814  29.42
1975-1979     50-54     0.00867  0.04251  2.71   91723    3899  449665  2302837  25.11
1975-1979     55-59     0.01356  0.06569  2.63   87823    5769  425471  1853172  21.10
1975-1979     60-64     0.02138  0.10175  2.63   82054    8349  390514  1427701  17.40
1975-1979     65-69     0.03268  0.15147  2.59   73705   11164  341642  1037187  14.07
1975-1979     70-74     0.05012  0.22331  2.56   62541   13966  278627   695544  11.12
1975-1979     75-79     0.07631  0.32047  2.50   48575   15567  204003   416917   8.58
1975-1979     80-84     0.11670  0.44957  2.45   33008   14839  127163   212915   6.45
1975-1979     85-89     0.18043  0.60710  2.31   18169   11030   61133    85752   4.72
1975-1979     90-94     0.26678  0.75165  2.10    7138    5366   20112    24618   3.45
1975-1979     95-99     0.37981  0.86770  1.87    1773    1538    4050     4506   2.54
1975-1979    100-104    0.50746  0.93508  1.62     235     219     432      456   1.94
1975-1979    105-109    0.63637  0.96844  1.41      15      15      23       24   1.56
1975-1979    110+       0.73544  1.00000  1.36       0       0       1        1   1.36
1980-1984        0      0.01110  0.01098  0.08  100000    1098   98989  7251360  72.51
1980-1984      1-4      0.00051  0.00203  1.62   98902     200  395130  7152371  72.32
1980-1984      5-9      0.00027  0.00135  2.31   98701     134  493147  6757241  68.46
1980-1984     10-14     0.00026  0.00131  2.65   98568     129  492535  6264094  63.55
1980-1984     15-19     0.00059  0.00294  2.82   98439     290  491563  5771559  58.63
1980-1984     20-24     0.00069  0.00343  2.50   98149     336  489906  5279996  53.80
1980-1984     25-29     0.00079  0.00393  2.52   97813     384  488111  4790090  48.97
1980-1984     30-34     0.00097  0.00484  2.62   97429     472  486022  4301978  44.16
1980-1984     35-39     0.00149  0.00743  2.71   96957     720  483134  3815956  39.36
1980-1984     40-44     0.00260  0.01290  2.71   96237    1242  478339  3332822  34.63
1980-1984     45-49     0.00451  0.02234  2.70   94995    2122  470089  2854483  30.05
1980-1984     50-54     0.00781  0.03836  2.69   92873    3562  456149  2384394  25.67
1980-1984     55-59     0.01304  0.06330  2.67   89311    5653  433365  1928245  21.59
1980-1984     60-64     0.02015  0.09617  2.63   83658    8045  399206  1494880  17.87
1980-1984     65-69     0.03095  0.14413  2.62   75612   10898  352165  1095674  14.49
1980-1984     70-74     0.04755  0.21325  2.58   64714   13801  290213   743509  11.49
1980-1984     75-79     0.07246  0.30714  2.52   50914   15638  215815   453296   8.90
1980-1984     80-84     0.11084  0.43133  2.43   35276   15216  137277   237481   6.73
1980-1984     85-89     0.16648  0.57617  2.33   20060   11558   69427   100204   5.00
1980-1984     90-94     0.25285  0.73313  2.13    8502    6233   24652    30777   3.62
1980-1984     95-99     0.35517  0.84813  1.92    2269    1924    5418     6126   2.70
1980-1984    100-104    0.47900  0.92378  1.68     345     318     665      708   2.05
1980-1984    105-109    0.60785  0.96292  1.45      26      25      42       43   1.64
1980-1984    110+       0.70912  1.00000  1.41       1       1       1        1   1.41
1985-1989        0      0.00875  0.00868  0.07  100000     868   99195  7340534  73.41
1985-1989      1-4      0.00042  0.00167  1.64   99132     166  396137  7241339  73.05
1985-1989      5-9      0.00020  0.00101  2.38   98966     100  494570  6845202  69.17
1985-1989     10-14     0.00023  0.00115  2.62   98866     113  494063  6350632  64.23
1985-1989     15-19     0.00055  0.00275  2.84   98753     271  493179  5856570  59.31
1985-1989     20-24     0.00071  0.00355  2.46   98482     349  491522  5363390  54.46
1985-1989     25-29     0.00075  0.00374  2.59   98133     368  489779  4871868  49.65
1985-1989     30-34     0.00096  0.00478  2.66   97765     468  487731  4382089  44.82
1985-1989     35-39     0.00139  0.00694  2.65   97298     675  484899  3894357  40.03
1985-1989     40-44     0.00232  0.01152  2.72   96623    1113  480570  3409459  35.29
1985-1989     45-49     0.00398  0.01973  2.65   95510    1885  473126  2928889  30.67
1985-1989     50-54     0.00672  0.03308  2.70   93625    3097  461015  2455762  26.23
1985-1989     55-59     0.01179  0.05739  2.70   90528    5195  440673  1994747  22.03
1985-1989     60-64     0.01922  0.09194  2.64   85333    7845  408185  1554074  18.21
1985-1989     65-69     0.03007  0.14023  2.61   77487   10866  361417  1145889  14.79
1985-1989     70-74     0.04581  0.20625  2.59   66621   13741  299929   784473  11.78
1985-1989     75-79     0.06931  0.29568  2.52   52880   15636  225582   484544   9.16
1985-1989     80-84     0.10550  0.41645  2.47   37245   15511  147023   258962   6.95
1985-1989     85-89     0.15972  0.56121  2.35   21734   12197   76369   111939   5.15
1985-1989     90-94     0.24325  0.72193  2.19    9537    6885   28303    35569   3.73
1985-1989     95-99     0.34901  0.84328  1.94    2652    2236    6407     7266   2.74
1985-1989    100-104    0.47559  0.92259  1.68     416     383     806      859   2.07
1985-1989    105-109    0.60767  0.96303  1.45      32      31      51       53   1.64
1985-1989    110+       0.71134  1.00000  1.41       1       1       2        2   1.41
1990-1994        0      0.00690  0.00686  0.07  100000     686   99360  7445193  74.45
1990-1994      1-4      0.00037  0.00146  1.56   99314     145  396902  7345833  73.97
1990-1994      5-9      0.00017  0.00085  2.32   99169      84  495620  6948931  70.07
1990-1994     10-14     0.00021  0.00107  2.74   99085     106  495186  6453311  65.13
1990-1994     15-19     0.00054  0.00268  2.89   98979     265  494338  5958125  60.20
1990-1994     20-24     0.00075  0.00372  2.63   98715     367  492702  5463787  55.35
1990-1994     25-29     0.00087  0.00436  2.56   98347     429  490688  4971084  50.55
1990-1994     30-34     0.00094  0.00469  2.53   97919     459  488457  4480396  45.76
1990-1994     35-39     0.00133  0.00665  2.66   97460     648  485780  3991939  40.96
1990-1994     40-44     0.00213  0.01062  2.66   96811    1028  481650  3506159  36.22
1990-1994     45-49     0.00355  0.01760  2.71   95783    1685  475055  3024509  31.58
1990-1994     50-54     0.00604  0.02977  2.68   94098    2802  463981  2549454  27.09
1990-1994     55-59     0.01003  0.04903  2.68   91296    4476  446116  2085473  22.84
1990-1994     60-64     0.01696  0.08158  2.67   86820    7082  417611  1639357  18.88
1990-1994     65-69     0.02789  0.13077  2.62   79737   10427  373890  1221747  15.32
1990-1994     70-74     0.04258  0.19307  2.59   69310   13382  314242   847857  12.23
1990-1994     75-79     0.06472  0.27940  2.56   55928   15626  241444   533616   9.54
1990-1994     80-84     0.09902  0.39593  2.47   40302   15957  161155   292172   7.25
1990-1994     85-89     0.15019  0.53787  2.36   24345   13095   87184   131017   5.38
1990-1994     90-94     0.23021  0.69984  2.20   11251    7874   34202    43832   3.90
1990-1994     95-99     0.33345  0.82925  1.97    3377    2800    8398     9631   2.85
1990-1994    100-104    0.45857  0.91490  1.72     577     528    1150     1233   2.14
1990-1994    105-109    0.59134  0.95952  1.48      49      47      80       82   1.68
1990-1994    110+       0.69677  1.00000  1.44       2       2       3        3   1.44
1995-1999        0      0.00565  0.00562  0.06  100000     562   99474  7528865  75.29
1995-1999      1-4      0.00025  0.00100  1.65   99438      99  397518  7429391  74.71
1995-1999      5-9      0.00016  0.00079  2.30   99339      79  496481  7031873  70.79
1995-1999     10-14     0.00017  0.00087  2.68   99260      86  496101  6535391  65.84
1995-1999     15-19     0.00060  0.00300  2.94   99174     297  495258  6039291  60.90
1995-1999     20-24     0.00083  0.00415  2.52   98877     410  493367  5544033  56.07
1995-1999     25-29     0.00089  0.00445  2.53   98467     438  491252  5050666  51.29
1995-1999     30-34     0.00103  0.00515  2.57   98029     505  488916  4559414  46.51
1995-1999     35-39     0.00133  0.00663  2.62   97524     647  486078  4070498  41.74
1995-1999     40-44     0.00211  0.01050  2.67   96878    1017  482014  3584420  37.00
1995-1999     45-49     0.00337  0.01672  2.66   95860    1603  475558  3102406  32.36
1995-1999     50-54     0.00567  0.02796  2.69   94258    2635  465206  2626848  27.87
1995-1999     55-59     0.00922  0.04514  2.66   91622    4136  448445  2161642  23.59
1995-1999     60-64     0.01499  0.07245  2.68   87486    6338  422734  1713196  19.58
1995-1999     65-69     0.02461  0.11629  2.63   81148    9437  383400  1290463  15.90
1995-1999     70-74     0.03928  0.17947  2.60   71711   12870  327621   907062  12.65
1995-1999     75-79     0.06035  0.26287  2.55   58841   15467  256293   579441   9.85
1995-1999     80-84     0.09301  0.37712  2.49   43374   16357  175861   323149   7.45
1995-1999     85-89     0.14673  0.52966  2.38   27017   14310   97526   147288   5.45
1995-1999     90-94     0.22764  0.69806  2.23   12707    8870   38966    49762   3.92
1995-1999     95-99     0.33810  0.83435  1.97    3837    3201    9468    10795   2.81
1995-1999    100-104    0.47007  0.92073  1.70     636     585    1245     1327   2.09
1995-1999    105-109    0.60858  0.96351  1.45      50      49      80       82   1.63
1995-1999    110+       0.71695  1.00000  1.39       2       2       3        3   1.39
2000-2004        0      0.00531  0.00528  0.06  100000     528   99505  7634001  76.34
2000-2004      1-4      0.00025  0.00098  1.75   99472      98  397666  7534496  75.75
2000-2004      5-9      0.00012  0.00059  2.42   99374      59  496717  7136830  71.82
2000-2004     10-14     0.00015  0.00077  2.70   99315      77  496398  6640113  66.86
2000-2004     15-19     0.00053  0.00263  2.93   99238     261  495653  6143715  61.91
2000-2004     20-24     0.00080  0.00399  2.61   98977     395  493942  5648062  57.06
2000-2004     25-29     0.00092  0.00459  2.60   98582     452  491826  5154121  52.28
2000-2004     30-34     0.00110  0.00549  2.58   98130     539  489347  4662294  47.51
2000-2004     35-39     0.00145  0.00724  2.63   97591     707  486283  4172948  42.76
2000-2004     40-44     0.00207  0.01029  2.66   96884     997  482090  3686665  38.05
2000-2004     45-49     0.00323  0.01601  2.67   95887    1535  475867  3204575  33.42
2000-2004     50-54     0.00502  0.02481  2.66   94353    2341  466298  2728708  28.92
2000-2004     55-59     0.00818  0.04015  2.68   92012    3694  451474  2262410  24.59
2000-2004     60-64     0.01361  0.06592  2.62   88318    5822  427736  1810936  20.50
2000-2004     65-69     0.02086  0.09943  2.64   82496    8202  393130  1383200  16.77
2000-2004     70-74     0.03395  0.15718  2.65   74294   11678  343999   990070  13.33
2000-2004     75-79     0.05426  0.23974  2.57   62616   15012  276646   646071  10.32
2000-2004     80-84     0.08596  0.35403  2.51   47605   16853  196063   369425   7.76
2000-2004     85-89     0.13796  0.50857  2.42   30751   15639  113362   173361   5.64
2000-2004     90-94     0.22310  0.68887  2.22   15112   10410   46662    59999   3.97
2000-2004     95-99     0.33455  0.83173  1.98    4702    3911   11690    13337   2.84
2000-2004    100-104    0.47144  0.92179  1.70     791     729    1547     1647   2.08
2000-2004    105-109    0.61497  0.96502  1.44      62      60      97      100   1.62
2000-2004    110+       0.72642  1.00000  1.38       2       2       3        3   1.38
2005-2009        0      0.00452  0.00450  0.06  100000     450   99577  7757172  77.57
2005-2009      1-4      0.00022  0.00086  1.54   99550      86  397988  7657595  76.92
2005-2009      5-9      0.00010  0.00050  2.44   99464      50  497192  7259607  72.99
2005-2009     10-14     0.00013  0.00065  2.61   99414      64  496916  6762415  68.02
2005-2009     15-19     0.00049  0.00244  2.91   99350     242  496241  6265499  63.07
2005-2009     20-24     0.00069  0.00343  2.58   99108     340  494716  5769258  58.21
2005-2009     25-29     0.00081  0.00405  2.60   98768     400  492882  5274542  53.40
2005-2009     30-34     0.00116  0.00577  2.58   98368     567  490465  4781659  48.61
2005-2009     35-39     0.00151  0.00753  2.57   97801     736  487216  4291194  43.88
2005-2009     40-44     0.00207  0.01029  2.62   97065     998  482946  3803978  39.19
2005-2009     45-49     0.00301  0.01496  2.64   96066    1437  476941  3321033  34.57
2005-2009     50-54     0.00471  0.02329  2.65   94629    2204  467971  2844091  30.06
2005-2009     55-59     0.00713  0.03506  2.65   92425    3241  454500  2376120  25.71
2005-2009     60-64     0.01157  0.05631  2.67   89184    5022  434243  1921620  21.55
2005-2009     65-69     0.01838  0.08809  2.64   84162    7414  403284  1487377  17.67
2005-2009     70-74     0.02887  0.13512  2.64   76748   10370  359221  1084093  14.13
2005-2009     75-79     0.04768  0.21404  2.61   66378   14208  297984   724872  10.92
2005-2009     80-84     0.07892  0.33015  2.53   52170   17224  218257   426888   8.18
2005-2009     85-89     0.12653  0.47767  2.44   34946   16693  131929   208631   5.97
2005-2009     90-94     0.20711  0.66455  2.30   18254   12130   58568    76702   4.20
2005-2009     95-99     0.31805  0.81585  2.02    6123    4996   15707    18134   2.96
2005-2009    100-104    0.45479  0.91433  1.73    1128    1031    2267     2427   2.15
2005-2009    105-109    0.60092  0.96227  1.47      97      93     155      160   1.65
2005-2009    110+       0.71573  1.00000  1.40       4       4       5        5   1.40
2010-2011        0      0.00385  0.00384  0.06  100000     384   99639  7857865  78.58
2010-2011      1-4      0.00017  0.00067  1.49   99616      66  398297  7758227  77.88
2010-2011      5-9      0.00009  0.00047  2.35   99550      47  497625  7359930  73.93
2010-2011     10-14     0.00009  0.00044  2.55   99503      44  497409  6862305  68.97
2010-2011     15-19     0.00041  0.00205  3.18   99460     204  496927  6364896  63.99
2010-2011     20-24     0.00057  0.00286  2.52   99256     284  495576  5867969  59.12
2010-2011     25-29     0.00077  0.00385  2.72   98972     381  493992  5372394  54.28
2010-2011     30-34     0.00113  0.00562  2.64   98591     554  491646  4878402  49.48
2010-2011     35-39     0.00152  0.00759  2.57   98037     745  488377  4386756  44.75
2010-2011     40-44     0.00200  0.00995  2.59   97293     968  484127  3898379  40.07
2010-2011     45-49     0.00274  0.01361  2.59   96324    1311  478457  3414252  35.45
2010-2011     50-54     0.00428  0.02117  2.68   95013    2012  470400  2935795  30.90
2010-2011     55-59     0.00660  0.03247  2.60   93001    3019  457747  2465395  26.51
2010-2011     60-64     0.01035  0.05051  2.66   89982    4545  439283  2007648  22.31
2010-2011     65-69     0.01637  0.07884  2.68   85437    6736  411579  1568365  18.36
2010-2011     70-74     0.02664  0.12533  2.64   78701    9863  370228  1156785  14.70
2010-2011     75-79     0.04283  0.19427  2.61   68837   13373  312230   786557  11.43
2010-2011     80-84     0.07375  0.31265  2.57   55464   17341  235125   474328   8.55
2010-2011     85-89     0.11858  0.45545  2.45   38123   17363  146422   239203   6.27
2010-2011     90-94     0.19084  0.63316  2.34   20760   13145   68876    92781   4.47
2010-2011     95-99     0.29714  0.79303  2.06    7616    6039   20326    23904   3.14
2010-2011    100-104    0.42918  0.90097  1.78    1576    1420    3309     3579   2.27
2010-2011    105-109    0.57426  0.95614  1.51     156     149     260      270   1.73
2010-2011    110+       0.69082  1.00000  1.45       7       7      10       10   1.45
