Scotland, Life tables (period 5x10), Total     Last modified: 05-Jul-2013, MPv5 (May07)

  Year          Age         mx       qx    ax      lx      dx      Lx       Tx     ex
1855-1859        0      0.12737  0.11748  0.34  100000   11748   92233  4352163  43.52
1855-1859      1-4      0.03624  0.13257  1.42   88252   11700  322832  4259930  48.27
1855-1859      5-9      0.00907  0.04415  2.01   76552    3380  372645  3937099  51.43
1855-1859     10-14     0.00483  0.02384  2.53   73172    1745  361545  3564453  48.71
1855-1859     15-19     0.00691  0.03402  2.64   71428    2430  351412  3202909  44.84
1855-1859     20-24     0.00914  0.04471  2.54   68998    3085  337396  2851497  41.33
1855-1859     25-29     0.00946  0.04620  2.49   65913    3045  321923  2514101  38.14
1855-1859     30-34     0.01018  0.04965  2.51   62868    3121  306575  2192179  34.87
1855-1859     35-39     0.01069  0.05209  2.51   59747    3112  290979  1885604  31.56
1855-1859     40-44     0.01235  0.05991  2.53   56635    3393  274802  1594625  28.16
1855-1859     45-49     0.01353  0.06547  2.53   53242    3486  257586  1319823  24.79
1855-1859     50-54     0.01768  0.08478  2.58   49756    4218  238565  1062236  21.35
1855-1859     55-59     0.02081  0.09900  2.55   45538    4508  216639   823671  18.09
1855-1859     60-64     0.03308  0.15335  2.62   41030    6292  190196   607033  14.79
1855-1859     65-69     0.04453  0.20068  2.54   34738    6971  156543   416837  12.00
1855-1859     70-74     0.07101  0.30242  2.55   27767    8397  118260   260294   9.37
1855-1859     75-79     0.10243  0.40539  2.43   19369    7852   76662   142034   7.33
1855-1859     80-84     0.14648  0.52960  2.39   11517    6099   41639    65372   5.68
1855-1859     85-89     0.20839  0.65677  2.19    5418    3558   17074    23732   4.38
1855-1859     90-94     0.25873  0.73684  2.08    1860    1370    5296     6658   3.58
1855-1859     95-99     0.34634  0.83653  1.91     489     409    1182     1363   2.78
1855-1859    100-104    0.43472  0.89896  1.74      80      72     165      181   2.26
1855-1859    105-109    0.52766  0.93940  1.57       8       8      14       15   1.88
1855-1859    110+       0.60302  1.00000  1.66       0       0       1        1   1.66
1860-1869        0      0.13364  0.12279  0.34  100000   12279   91883  4212429  42.12
1860-1869      1-4      0.03791  0.13811  1.42   87721   12115  319566  4120547  46.97
1860-1869      5-9      0.00939  0.04568  2.05   75606    3454  367830  3800981  50.27
1860-1869     10-14     0.00522  0.02578  2.52   72152    1860  356142  3433151  47.58
1860-1869     15-19     0.00743  0.03653  2.64   70292    2568  345388  3077009  43.77
1860-1869     20-24     0.00946  0.04623  2.53   67724    3131  330889  2731621  40.33
1860-1869     25-29     0.01006  0.04908  2.49   64593    3170  315007  2400732  37.17
1860-1869     30-34     0.01049  0.05113  2.51   61423    3141  299304  2085726  33.96
1860-1869     35-39     0.01197  0.05813  2.53   58282    3388  283050  1786421  30.65
1860-1869     40-44     0.01341  0.06488  2.51   54894    3562  265608  1503371  27.39
1860-1869     45-49     0.01534  0.07392  2.55   51332    3794  247368  1237763  24.11
1860-1869     50-54     0.01900  0.09072  2.52   47538    4313  226996   990395  20.83
1860-1869     55-59     0.02261  0.10720  2.60   43225    4634  204984   763399  17.66
1860-1869     60-64     0.03458  0.15945  2.56   38592    6153  177945   558414  14.47
1860-1869     65-69     0.04516  0.20333  2.55   32438    6596  146061   380469  11.73
1860-1869     70-74     0.07395  0.31291  2.54   25843    8086  109349   234407   9.07
1860-1869     75-79     0.11000  0.42928  2.44   17756    7622   69296   125058   7.04
1860-1869     80-84     0.15377  0.54723  2.37   10134    5545   36063    55761   5.50
1860-1869     85-89     0.21341  0.66531  2.17    4588    3053   14304    19698   4.29
1860-1869     90-94     0.26347  0.74053  2.04    1536    1137    4316     5395   3.51
1860-1869     95-99     0.35741  0.84598  1.89     398     337     943     1078   2.71
1860-1869    100-104    0.44605  0.90496  1.72      61      56     125      135   2.20
1860-1869    105-109    0.53818  0.94275  1.55       6       5      10       11   1.85
1860-1869    110+       0.61241  1.00000  1.63       0       0       1        1   1.63
1870-1879        0      0.13455  0.12356  0.34  100000   12356   91831  4258666  42.59
1870-1879      1-4      0.03349  0.12326  1.41   87644   10803  322558  4166835  47.54
1870-1879      5-9      0.00898  0.04376  2.10   76841    3362  374443  3844278  50.03
1870-1879     10-14     0.00528  0.02608  2.51   73478    1916  362621  3469834  47.22
1870-1879     15-19     0.00734  0.03608  2.63   71562    2582  351687  3107213  43.42
1870-1879     20-24     0.00924  0.04519  2.53   68980    3117  337216  2755527  39.95
1870-1879     25-29     0.00985  0.04806  2.49   65863    3165  321373  2418311  36.72
1870-1879     30-34     0.01030  0.05022  2.52   62697    3149  305681  2096938  33.45
1870-1879     35-39     0.01194  0.05798  2.54   59549    3453  289236  1791257  30.08
1870-1879     40-44     0.01356  0.06560  2.52   56096    3680  271340  1502021  26.78
1870-1879     45-49     0.01571  0.07567  2.56   52416    3966  252414  1230681  23.48
1870-1879     50-54     0.02064  0.09822  2.54   48449    4759  230557   978267  20.19
1870-1879     55-59     0.02501  0.11792  2.58   43691    5152  205965   747710  17.11
1870-1879     60-64     0.03719  0.17045  2.55   38539    6569  176629   541745  14.06
1870-1879     65-69     0.04816  0.21536  2.55   31970    6885  142946   365116  11.42
1870-1879     70-74     0.07649  0.32163  2.53   25085    8068  105473   222170   8.86
1870-1879     75-79     0.11138  0.43294  2.43   17017    7367   66146   116698   6.86
1870-1879     80-84     0.16279  0.56797  2.34    9649    5481   33666    50552   5.24
1870-1879     85-89     0.22927  0.69335  2.15    4169    2890   12607    16886   4.05
1870-1879     90-94     0.27936  0.75773  1.98    1278     969    3467     4278   3.35
1870-1879     95-99     0.37077  0.85652  1.86     310     265     715      811   2.62
1870-1879    100-104    0.45822  0.91088  1.69      44      40      88       96   2.15
1870-1879    105-109    0.54784  0.94555  1.54       4       4       7        7   1.81
1870-1879    110+       0.61954  1.00000  1.61       0       0       0        0   1.61
1880-1889        0      0.12887  0.11875  0.34  100000   11875   92148  4558093  45.58
1880-1889      1-4      0.02749  0.10246  1.34   88125    9029  328440  4465944  50.68
1880-1889      5-9      0.00670  0.03285  2.15   79095    2598  388083  4137505  52.31
1880-1889     10-14     0.00428  0.02117  2.54   76497    1619  378497  3749422  49.01
1880-1889     15-19     0.00630  0.03105  2.63   74878    2325  368876  3370925  45.02
1880-1889     20-24     0.00761  0.03736  2.53   72553    2710  356058  3002048  41.38
1880-1889     25-29     0.00825  0.04040  2.51   69843    2822  342199  2645990  37.89
1880-1889     30-34     0.00902  0.04411  2.53   67021    2956  327809  2303791  34.37
1880-1889     35-39     0.01056  0.05148  2.55   64064    3298  312234  1975982  30.84
1880-1889     40-44     0.01237  0.06002  2.53   60766    3647  294823  1663748  27.38
1880-1889     45-49     0.01459  0.07044  2.57   57119    4023  275815  1368926  23.97
1880-1889     50-54     0.01947  0.09295  2.56   53095    4935  253428  1093110  20.59
1880-1889     55-59     0.02442  0.11530  2.58   48160    5553  227373   839683  17.44
1880-1889     60-64     0.03627  0.16661  2.56   42608    7099  195737   612309  14.37
1880-1889     65-69     0.04783  0.21393  2.53   35509    7596  158808   416572  11.73
1880-1889     70-74     0.07111  0.30217  2.52   27912    8434  118615   257764   9.23
1880-1889     75-79     0.10314  0.40852  2.46   19478    7957   77149   139148   7.14
1880-1889     80-84     0.15711  0.55509  2.36   11521    6395   40704    62000   5.38
1880-1889     85-89     0.21940  0.67653  2.17    5126    3468   15805    21296   4.15
1880-1889     90-94     0.28261  0.76678  2.02    1658    1271    4498     5490   3.31
1880-1889     95-99     0.37835  0.86326  1.85     387     334     882      992   2.57
1880-1889    100-104    0.47523  0.91963  1.67      53      49     102      110   2.07
1880-1889    105-109    0.57456  0.95363  1.50       4       4       7        7   1.73
1880-1889    110+       0.65394  1.00000  1.53       0       0       0        0   1.53
1890-1899        0      0.14049  0.12855  0.34  100000   12855   91501  4609198  46.09
1890-1899      1-4      0.02549  0.09532  1.27   87145    8306  325899  4517697  51.84
1890-1899      5-9      0.00528  0.02602  2.12   78839    2051  388294  4191798  53.17
1890-1899     10-14     0.00345  0.01710  2.57   76788    1313  380749  3803504  49.53
1890-1899     15-19     0.00525  0.02590  2.64   75474    1955  372750  3422755  45.35
1890-1899     20-24     0.00654  0.03218  2.55   73519    2366  361790  3050005  41.49
1890-1899     25-29     0.00740  0.03634  2.53   71153    2585  349380  2688215  37.78
1890-1899     30-34     0.00839  0.04109  2.55   68568    2817  335939  2338836  34.11
1890-1899     35-39     0.01016  0.04957  2.55   65751    3259  320766  2002897  30.46
1890-1899     40-44     0.01187  0.05765  2.55   62491    3603  303614  1682131  26.92
1890-1899     45-49     0.01488  0.07180  2.58   58889    4228  284225  1378516  23.41
1890-1899     50-54     0.02002  0.09546  2.57   54661    5218  260620  1094292  20.02
1890-1899     55-59     0.02632  0.12373  2.58   49442    6118  232432   833672  16.86
1890-1899     60-64     0.03848  0.17586  2.55   43325    7619  197981   601240  13.88
1890-1899     65-69     0.05097  0.22636  2.53   35706    8082  158584   403260  11.29
1890-1899     70-74     0.07657  0.32148  2.51   27623    8880  115970   244676   8.86
1890-1899     75-79     0.10898  0.42551  2.43   18743    7975   73184   128706   6.87
1890-1899     80-84     0.16507  0.57280  2.33   10768    6168   37364    55522   5.16
1890-1899     85-89     0.23262  0.69922  2.15    4600    3216   13827    18157   3.95
1890-1899     90-94     0.30155  0.79060  1.99    1384    1094    3627     4331   3.13
1890-1899     95-99     0.40153  0.87973  1.81     290     255     635      703   2.43
1890-1899    100-104    0.50155  0.93062  1.62      35      32      65       69   1.97
1890-1899    105-109    0.60170  0.96019  1.45       2       2       4        4   1.65
1890-1899    110+       0.68052  1.00000  1.47       0       0       0        0   1.47
1900-1909        0      0.12872  0.11862  0.34  100000   11862   92156  4874342  48.74
1900-1909      1-4      0.02061  0.07802  1.26   88138    6877  333684  4782185  54.26
1900-1909      5-9      0.00425  0.02101  2.16   81261    1708  401451  4448502  54.74
1900-1909     10-14     0.00291  0.01443  2.57   79553    1148  394972  4047051  50.87
1900-1909     15-19     0.00435  0.02154  2.64   78405    1689  388033  3652079  46.58
1900-1909     20-24     0.00543  0.02677  2.55   76716    2054  378547  3264046  42.55
1900-1909     25-29     0.00620  0.03052  2.54   74662    2279  367705  2885499  38.65
1900-1909     30-34     0.00716  0.03520  2.56   72384    2548  355713  2517793  34.78
1900-1909     35-39     0.00895  0.04379  2.56   69836    3058  341728  2162080  30.96
1900-1909     40-44     0.01065  0.05188  2.55   66778    3464  325419  1820353  27.26
1900-1909     45-49     0.01372  0.06643  2.60   63314    4206  306471  1494934  23.61
1900-1909     50-54     0.01919  0.09170  2.59   59107    5420  282473  1188462  20.11
1900-1909     55-59     0.02654  0.12475  2.60   53687    6698  252359   905989  16.88
1900-1909     60-64     0.03870  0.17671  2.54   46989    8304  214554   653630  13.91
1900-1909     65-69     0.05046  0.22431  2.53   38686    8678  171962   439077  11.35
1900-1909     70-74     0.07606  0.31983  2.51   30008    9597  126186   267114   8.90
1900-1909     75-79     0.10826  0.42310  2.42   20411    8636   79771   140928   6.90
1900-1909     80-84     0.16044  0.56236  2.34   11775    6622   41274    61157   5.19
1900-1909     85-89     0.23696  0.70957  2.17    5153    3657   15432    19883   3.86
1900-1909     90-94     0.31826  0.80523  1.93    1497    1205    3787     4452   2.97
1900-1909     95-99     0.42878  0.89753  1.76     292     262     610      665   2.28
1900-1909    100-104    0.54085  0.94490  1.56      30      28      52       55   1.83
1900-1909    105-109    0.64920  0.96986  1.38       2       2       2        3   1.54
1900-1909    110+       0.73185  1.00000  1.37       0       0       0        0   1.37
1910-1919        0      0.11698  0.10854  0.34  100000   10854   92790  5107400  51.07
1910-1919      1-4      0.01878  0.07148  1.27   89146    6372  339206  5014610  56.25
1910-1919      5-9      0.00387  0.01916  2.16   82774    1586  409359  4675405  56.48
1910-1919     10-14     0.00263  0.01306  2.57   81187    1061  403365  4266046  52.55
1910-1919     15-19     0.00395  0.01958  2.65   80127    1569  396942  3862681  48.21
1910-1919     20-24     0.00475  0.02350  2.54   78558    1846  388255  3465739  44.12
1910-1919     25-29     0.00571  0.02818  2.55   76712    2161  378269  3077484  40.12
1910-1919     30-34     0.00646  0.03180  2.54   74551    2370  366916  2699215  36.21
1910-1919     35-39     0.00752  0.03693  2.55   72180    2666  354366  2332299  32.31
1910-1919     40-44     0.00890  0.04357  2.56   69515    3028  340197  1977933  28.45
1910-1919     45-49     0.01163  0.05660  2.61   66486    3763  323420  1637736  24.63
1910-1919     50-54     0.01628  0.07834  2.60   62723    4914  301827  1314316  20.95
1910-1919     55-59     0.02295  0.10874  2.60   57809    6286  273972  1012489  17.51
1910-1919     60-64     0.03314  0.15330  2.56   51523    7899  238373   738517  14.33
1910-1919     65-69     0.04632  0.20830  2.59   43624    9087  196192   500145  11.46
1910-1919     70-74     0.07688  0.32315  2.54   34537   11161  145181   303953   8.80
1910-1919     75-79     0.11441  0.44123  2.41   23376   10314   90154   158772   6.79
1910-1919     80-84     0.15957  0.55906  2.32   13062    7303   45764    68619   5.25
1910-1919     85-89     0.22893  0.69584  2.18    5760    4008   17506    22855   3.97
1910-1919     90-94     0.30989  0.79931  1.97    1752    1400    4519     5348   3.05
1910-1919     95-99     0.41340  0.88811  1.79     352     312     755      830   2.36
1910-1919    100-104    0.52181  0.93854  1.59      39      37      71       75   1.90
1910-1919    105-109    0.62884  0.96613  1.41       2       2       4        4   1.58
1910-1919    110+       0.71185  1.00000  1.40       0       0       0        0   1.40
1920-1929        0      0.09548  0.08958  0.31  100000    8958   93823  5579513  55.80
1920-1929      1-4      0.01295  0.05002  1.23   91042    4554  351549  5485691  60.25
1920-1929      5-9      0.00273  0.01355  2.22   86487    1172  429182  5134141  59.36
1920-1929     10-14     0.00187  0.00933  2.55   85316     796  424627  4704959  55.15
1920-1929     15-19     0.00285  0.01415  2.63   84519    1196  419768  4280332  50.64
1920-1929     20-24     0.00354  0.01757  2.57   83324    1464  413060  3860564  46.33
1920-1929     25-29     0.00418  0.02068  2.55   81860    1693  405153  3447504  42.11
1920-1929     30-34     0.00484  0.02391  2.56   80166    1917  396158  3042351  37.95
1920-1929     35-39     0.00602  0.02966  2.57   78250    2321  385610  2646193  33.82
1920-1929     40-44     0.00718  0.03526  2.56   75929    2677  373120  2260584  29.77
1920-1929     45-49     0.00937  0.04580  2.61   73251    3355  358226  1887464  25.77
1920-1929     50-54     0.01309  0.06347  2.62   69896    4436  338923  1529238  21.88
1920-1929     55-59     0.01948  0.09312  2.63   65460    6095  312873  1190315  18.18
1920-1929     60-64     0.02945  0.13753  2.60   59365    8165  277196   877442  14.78
1920-1929     65-69     0.04369  0.19761  2.58   51200   10118  231554   600247  11.72
1920-1929     70-74     0.07169  0.30537  2.57   41082   12545  174989   368693   8.97
1920-1929     75-79     0.11251  0.43560  2.41   28537   12431  110483   193704   6.79
1920-1929     80-84     0.16087  0.56289  2.33   16106    9066   56357    83221   5.17
1920-1929     85-89     0.23935  0.71463  2.18    7040    5031   21020    26864   3.82
1920-1929     90-94     0.32620  0.81177  1.91    2009    1631    5000     5844   2.91
1920-1929     95-99     0.43851  0.90335  1.75     378     342     779      844   2.23
1920-1929    100-104    0.55568  0.94959  1.53      37      35      62       65   1.78
1920-1929    105-109    0.66796  0.97306  1.36       2       2       3        3   1.49
1920-1929    110+       0.75262  1.00000  1.33       0       0       0        0   1.33
1930-1939        0      0.08292  0.07824  0.28  100000    7824   94353  5893282  58.93
1930-1939      1-4      0.00799  0.03128  1.32   92176    2884  360989  5798929  62.91
1930-1939      5-9      0.00227  0.01128  2.20   89292    1007  443646  5437940  60.90
1930-1939     10-14     0.00150  0.00748  2.59   88285     661  439833  4994294  56.57
1930-1939     15-19     0.00246  0.01221  2.67   87625    1070  435631  4554461  51.98
1930-1939     20-24     0.00307  0.01523  2.52   86555    1318  429502  4118830  47.59
1930-1939     25-29     0.00332  0.01647  2.53   85237    1404  422718  3689328  43.28
1930-1939     30-34     0.00385  0.01908  2.58   83832    1599  415289  3266610  38.97
1930-1939     35-39     0.00490  0.02424  2.59   82233    1993  406352  2851321  34.67
1930-1939     40-44     0.00628  0.03093  2.60   80240    2482  395243  2444969  30.47
1930-1939     45-49     0.00868  0.04254  2.62   77758    3308  380913  2049727  26.36
1930-1939     50-54     0.01215  0.05905  2.62   74450    4397  361768  1668814  22.42
1930-1939     55-59     0.01758  0.08437  2.62   70054    5911  336214  1307046  18.66
1930-1939     60-64     0.02674  0.12570  2.62   64143    8063  301535   970832  15.14
1930-1939     65-69     0.04235  0.19235  2.62   56080   10787  254700   669297  11.93
1930-1939     70-74     0.06808  0.29136  2.53   45293   13197  193840   414597   9.15
1930-1939     75-79     0.10982  0.43136  2.51   32096   13845  126069   220756   6.88
1930-1939     80-84     0.15990  0.56116  2.34   18251   10242   64053    94688   5.19
1930-1939     85-89     0.23799  0.71140  2.17    8009    5698   23942    30635   3.82
1930-1939     90-94     0.32760  0.81732  1.93    2311    1889    5767     6693   2.90
1930-1939     95-99     0.44684  0.90803  1.73     422     383     858      926   2.19
1930-1939    100-104    0.56761  0.95304  1.52      39      37      65       68   1.75
1930-1939    105-109    0.68195  0.97520  1.34       2       2       3        3   1.46
1930-1939    110+       0.76703  1.00000  1.30       0       0       0        0   1.30
1940-1949        0      0.06432  0.06128  0.23  100000    6128   95264  6196195  61.96
1940-1949      1-4      0.00385  0.01527  1.55   93872    1433  371983  6100931  64.99
1940-1949      5-9      0.00151  0.00753  2.22   92439     696  460261  5728948  61.98
1940-1949     10-14     0.00116  0.00580  2.70   91743     532  457493  5268687  57.43
1940-1949     15-19     0.00248  0.01234  2.79   91211    1126  453570  4811195  52.75
1940-1949     20-24     0.00423  0.02094  2.57   90085    1887  445843  4357624  48.37
1940-1949     25-29     0.00379  0.01876  2.43   88199    1654  436734  3911781  44.35
1940-1949     30-34     0.00355  0.01761  2.49   86544    1524  428898  3475047  40.15
1940-1949     35-39     0.00406  0.02011  2.58   85020    1710  420956  3046149  35.83
1940-1949     40-44     0.00528  0.02605  2.62   83310    2170  411376  2625193  31.51
1940-1949     45-49     0.00748  0.03677  2.64   81140    2983  398652  2213817  27.28
1940-1949     50-54     0.01117  0.05441  2.64   78157    4253  380734  1815165  23.22
1940-1949     55-59     0.01653  0.07954  2.62   73904    5879  355532  1434431  19.41
1940-1949     60-64     0.02449  0.11573  2.62   68025    7872  321425  1078898  15.86
1940-1949     65-69     0.03840  0.17579  2.60   60153   10575  275359   757474  12.59
1940-1949     70-74     0.06015  0.26235  2.57   49578   13007  216242   482115   9.72
1940-1949     75-79     0.09706  0.39023  2.49   36572   14271  147040   265872   7.27
1940-1949     80-84     0.15325  0.54587  2.37   22300   12173   79435   118833   5.33
1940-1949     85-89     0.23108  0.70109  2.20   10127    7100   30726    39397   3.89
1940-1949     90-94     0.33189  0.82444  1.95    3027    2496    7520     8672   2.86
1940-1949     95-99     0.45202  0.91132  1.73     531     484    1071     1152   2.17
1940-1949    100-104    0.58015  0.95662  1.50      47      45      78       81   1.71
1940-1949    105-109    0.69981  0.97777  1.32       2       2       3        3   1.43
1940-1949    110+       0.78707  1.00000  1.27       0       0       0        0   1.27
1950-1959        0      0.03288  0.03197  0.14  100000    3197   97249  6793658  67.94
1950-1959      1-4      0.00133  0.00531  1.58   96803     514  385965  6696409  69.18
1950-1959      5-9      0.00056  0.00279  2.27   96288     269  480707  6310445  65.54
1950-1959     10-14     0.00044  0.00221  2.64   96020     212  479597  5829737  60.71
1950-1959     15-19     0.00082  0.00407  2.75   95807     390  478162  5350141  55.84
1950-1959     20-24     0.00112  0.00561  2.58   95418     535  475792  4871979  51.06
1950-1959     25-29     0.00139  0.00691  2.57   94883     656  472820  4396187  46.33
1950-1959     30-34     0.00170  0.00846  2.61   94227     797  469229  3923367  41.64
1950-1959     35-39     0.00233  0.01159  2.65   93430    1083  464605  3454138  36.97
1950-1959     40-44     0.00354  0.01756  2.66   92347    1622  457946  2989533  32.37
1950-1959     45-49     0.00579  0.02855  2.69   90725    2590  447654  2531586  27.90
1950-1959     50-54     0.00960  0.04693  2.68   88135    4136  431063  2083932  23.64
1950-1959     55-59     0.01531  0.07390  2.65   83999    6208  405425  1652868  19.68
1950-1959     60-64     0.02402  0.11361  2.63   77791    8837  367979  1247443  16.04
1950-1959     65-69     0.03734  0.17140  2.61   68953   11819  316472   879464  12.75
1950-1959     70-74     0.05880  0.25724  2.57   57135   14698  249957   562992   9.85
1950-1959     75-79     0.09498  0.38385  2.50   42437   16290  171502   313035   7.38
1950-1959     80-84     0.14989  0.53834  2.38   26148   14076   93909   141533   5.41
1950-1959     85-89     0.22684  0.69357  2.20   12071    8372   36909    47624   3.95
1950-1959     90-94     0.32785  0.82208  1.97    3699    3041    9275    10715   2.90
1950-1959     95-99     0.44759  0.90914  1.73     658     598    1337     1440   2.19
1950-1959    100-104    0.57606  0.95563  1.50      60      57      99      103   1.72
1950-1959    105-109    0.69635  0.97734  1.32       3       3       4        4   1.43
1950-1959    110+       0.78425  1.00000  1.28       0       0       0        0   1.28
1960-1969        0      0.02462  0.02410  0.12  100000    2410   97871  6965586  69.66
1960-1969      1-4      0.00096  0.00384  1.61   97590     374  389467  6867714  70.37
1960-1969      5-9      0.00044  0.00219  2.27   97216     213  485499  6478247  66.64
1960-1969     10-14     0.00038  0.00189  2.58   97003     183  484573  5992748  61.78
1960-1969     15-19     0.00064  0.00322  2.75   96820     312  483397  5508175  56.89
1960-1969     20-24     0.00080  0.00401  2.48   96508     387  481563  5024778  52.07
1960-1969     25-29     0.00093  0.00465  2.54   96121     447  479506  4543215  47.27
1960-1969     30-34     0.00119  0.00596  2.67   95674     570  477041  4063709  42.47
1960-1969     35-39     0.00196  0.00978  2.68   95104     930  473365  3586668  37.71
1960-1969     40-44     0.00325  0.01613  2.72   94174    1519  467404  3113303  33.06
1960-1969     45-49     0.00533  0.02632  2.69   92655    2439  457644  2645899  28.56
1960-1969     50-54     0.00887  0.04345  2.69   90216    3920  442034  2188255  24.26
1960-1969     55-59     0.01447  0.06998  2.66   86296    6039  417354  1746221  20.24
1960-1969     60-64     0.02322  0.11008  2.65   80257    8835  380488  1328867  16.56
1960-1969     65-69     0.03578  0.16474  2.60   71422   11766  328860   948378  13.28
1960-1969     70-74     0.05544  0.24426  2.57   59656   14571  262850   619519  10.38
1960-1969     75-79     0.08615  0.35454  2.51   45084   15984  185546   356668   7.91
1960-1969     80-84     0.13334  0.49600  2.42   29100   14433  108244   171122   5.88
1960-1969     85-89     0.20467  0.65440  2.25   14667    9598   46894    62877   4.29
1960-1969     90-94     0.29783  0.79379  2.06    5069    4024   13510    15983   3.15
1960-1969     95-99     0.41118  0.88856  1.80    1045     929    2259     2473   2.37
1960-1969    100-104    0.53739  0.94483  1.57     116     110     205      214   1.84
1960-1969    105-109    0.66041  0.97225  1.37       6       6       9       10   1.51
1960-1969    110+       0.75311  1.00000  1.33       0       0       0        0   1.33
1970-1979        0      0.01726  0.01700  0.10  100000    1700   98464  7099192  70.99
1970-1979      1-4      0.00074  0.00296  1.65   98300     291  392518  7000728  71.22
1970-1979      5-9      0.00035  0.00177  2.27   98010     173  489576  6608210  67.42
1970-1979     10-14     0.00029  0.00147  2.51   97836     144  488824  6118634  62.54
1970-1979     15-19     0.00065  0.00325  2.85   97692     317  487779  5629810  57.63
1970-1979     20-24     0.00080  0.00397  2.46   97375     387  485894  5142031  52.81
1970-1979     25-29     0.00083  0.00416  2.58   96988     404  483966  4656137  48.01
1970-1979     30-34     0.00112  0.00560  2.64   96585     541  481646  4172171  43.20
1970-1979     35-39     0.00178  0.00886  2.70   96044     851  478258  3690526  38.43
1970-1979     40-44     0.00302  0.01499  2.75   95193    1427  472755  3212267  33.74
1970-1979     45-49     0.00527  0.02601  2.70   93766    2439  463211  2739512  29.22
1970-1979     50-54     0.00878  0.04304  2.68   91327    3931  447527  2276301  24.92
1970-1979     55-59     0.01377  0.06669  2.64   87396    5828  423230  1828774  20.93
1970-1979     60-64     0.02160  0.10277  2.64   81568    8383  388052  1405545  17.23
1970-1979     65-69     0.03339  0.15456  2.60   73185   11312  338779  1017492  13.90
1970-1979     70-74     0.05134  0.22812  2.56   61873   14114  274931   678713  10.97
1970-1979     75-79     0.07822  0.32734  2.51   47759   15633  199872   403782   8.45
1970-1979     80-84     0.11936  0.45725  2.44   32126   14690  123070   203911   6.35
1970-1979     85-89     0.18457  0.61527  2.29   17436   10728   58122    80841   4.64
1970-1979     90-94     0.27312  0.76143  2.09    6708    5108   18702    22718   3.39
1970-1979     95-99     0.38523  0.87160  1.86    1600    1395    3621     4016   2.51
1970-1979    100-104    0.51305  0.93706  1.61     205     193     375      395   1.92
1970-1979    105-109    0.64135  0.96929  1.40      13      13      20       20   1.55
1970-1979    110+       0.73954  1.00000  1.35       0       0       1        1   1.35
1980-1989        0      0.00993  0.00984  0.08  100000     984   99091  7295513  72.96
1980-1989      1-4      0.00046  0.00185  1.63   99016     183  395630  7196422  72.68
1980-1989      5-9      0.00024  0.00118  2.35   98833     117  493854  6800792  68.81
1980-1989     10-14     0.00025  0.00124  2.63   98716     122  493291  6306938  63.89
1980-1989     15-19     0.00057  0.00285  2.83   98594     281  492359  5813648  58.97
1980-1989     20-24     0.00070  0.00349  2.48   98313     343  490701  5321289  54.13
1980-1989     25-29     0.00077  0.00383  2.56   97970     375  488934  4830588  49.31
1980-1989     30-34     0.00096  0.00481  2.64   97595     469  486866  4341654  44.49
1980-1989     35-39     0.00144  0.00717  2.67   97125     697  484007  3854788  39.69
1980-1989     40-44     0.00245  0.01218  2.71   96429    1175  479458  3370781  34.96
1980-1989     45-49     0.00425  0.02104  2.68   95254    2004  471615  2891323  30.35
1980-1989     50-54     0.00727  0.03577  2.70   93250    3336  458573  2419708  25.95
1980-1989     55-59     0.01243  0.06041  2.68   89914    5431  436975  1961135  21.81
1980-1989     60-64     0.01969  0.09405  2.64   84482    7946  403622  1524159  18.04
1980-1989     65-69     0.03052  0.14223  2.62   76537   10886  356726  1120537  14.64
1980-1989     70-74     0.04671  0.20987  2.58   65651   13778  294961   763811  11.63
1980-1989     75-79     0.07085  0.30128  2.52   51873   15628  220594   468850   9.04
1980-1989     80-84     0.10800  0.42346  2.45   36245   15348  142116   248256   6.85
1980-1989     85-89     0.16279  0.56808  2.34   20897   11871   72920   106140   5.08
1980-1989     90-94     0.24755  0.72701  2.16    9026    6562   26507    33219   3.68
1980-1989     95-99     0.35145  0.84518  1.93    2464    2082    5925     6712   2.72
1980-1989    100-104    0.47659  0.92288  1.68     381     352     739      787   2.06
1980-1989    105-109    0.60707  0.96283  1.45      29      28      47       48   1.64
1980-1989    110+       0.70959  1.00000  1.41       1       1       2        2   1.41
1990-1999        0      0.00631  0.00627  0.07  100000     627   99414  7486524  74.87
1990-1999      1-4      0.00031  0.00124  1.59   99373     123  397195  7387110  74.34
1990-1999      5-9      0.00016  0.00082  2.31   99250      81  496031  6989914  70.43
1990-1999     10-14     0.00019  0.00097  2.71   99169      96  495624  6493883  65.48
1990-1999     15-19     0.00057  0.00283  2.91   99073     280  494779  5998259  60.54
1990-1999     20-24     0.00078  0.00391  2.58   98793     387  493026  5503479  55.71
1990-1999     25-29     0.00088  0.00440  2.54   98406     433  490966  5010453  50.92
1990-1999     30-34     0.00099  0.00492  2.55   97973     482  488682  4519488  46.13
1990-1999     35-39     0.00133  0.00664  2.64   97491     647  485922  4030806  41.35
1990-1999     40-44     0.00212  0.01056  2.66   96843    1023  481827  3544884  36.60
1990-1999     45-49     0.00345  0.01713  2.69   95821    1641  475303  3063057  31.97
1990-1999     50-54     0.00584  0.02882  2.69   94179    2714  464615  2587753  27.48
1990-1999     55-59     0.00963  0.04708  2.67   91465    4306  447311  2123138  23.21
1990-1999     60-64     0.01598  0.07706  2.68   87159    6716  420189  1675828  19.23
1990-1999     65-69     0.02627  0.12363  2.63   80443    9945  378616  1255638  15.61
1990-1999     70-74     0.04090  0.18616  2.59   70497   13124  320843   877022  12.44
1990-1999     75-79     0.06251  0.27111  2.55   57374   15554  248826   556180   9.69
1990-1999     80-84     0.09605  0.38668  2.48   41819   16171  168355   307353   7.35
1990-1999     85-89     0.14837  0.53356  2.37   25649   13685   92236   138999   5.42
1990-1999     90-94     0.22882  0.69889  2.22   11964    8361   36542    46762   3.91
1990-1999     95-99     0.33516  0.83124  1.97    3602    2994    8934    10221   2.84
1990-1999    100-104    0.46365  0.91755  1.71     608     558    1203     1286   2.12
1990-1999    105-109    0.59937  0.96144  1.47      50      48      80       83   1.66
1990-1999    110+       0.70642  1.00000  1.42       2       2       3        3   1.42
2000-2009        0      0.00490  0.00488  0.06  100000     488   99543  7696062  76.96
2000-2009      1-4      0.00023  0.00092  1.65   99512      92  397833  7596520  76.34
2000-2009      5-9      0.00011  0.00055  2.43   99420      55  496961  7198686  72.41
2000-2009     10-14     0.00014  0.00071  2.66   99366      71  496663  6701725  67.45
2000-2009     15-19     0.00051  0.00253  2.92   99295     251  495953  6205062  62.49
2000-2009     20-24     0.00074  0.00370  2.59   99044     366  494338  5709109  57.64
2000-2009     25-29     0.00086  0.00431  2.60   98678     425  492369  5214771  52.85
2000-2009     30-34     0.00113  0.00562  2.58   98252     552  489924  4722403  48.06
2000-2009     35-39     0.00148  0.00738  2.60   97700     721  486774  4232479  43.32
2000-2009     40-44     0.00207  0.01028  2.64   96979     997  482543  3745705  38.62
2000-2009     45-49     0.00311  0.01545  2.66   95982    1483  476435  3263162  34.00
2000-2009     50-54     0.00486  0.02405  2.66   94499    2273  467174  2786728  29.49
2000-2009     55-59     0.00763  0.03748  2.66   92226    3457  453034  2319554  25.15
2000-2009     60-64     0.01253  0.06084  2.65   88769    5401  431152  1866520  21.03
2000-2009     65-69     0.01961  0.09371  2.64   83368    7812  398393  1435368  17.22
2000-2009     70-74     0.03138  0.14608  2.64   75556   11037  351756  1036974  13.72
2000-2009     75-79     0.05092  0.22679  2.59   64519   14632  287375   685219  10.62
2000-2009     80-84     0.08230  0.34167  2.52   49886   17045  207103   397844   7.97
2000-2009     85-89     0.13188  0.49246  2.43   32842   16173  122634   190741   5.81
2000-2009     90-94     0.21494  0.67666  2.26   16669   11279   52475    68106   4.09
2000-2009     95-99     0.32596  0.82362  2.00    5390    4439   13618    15632   2.90
2000-2009    100-104    0.46270  0.91795  1.71     951     873    1886     2014   2.12
2000-2009    105-109    0.60751  0.96358  1.46      78      75     124      128   1.64
2000-2009    110+       0.72067  1.00000  1.39       3       3       4        4   1.39
2010-2011        0      0.00385  0.00384  0.06  100000     384   99639  7857865  78.58
2010-2011      1-4      0.00017  0.00067  1.49   99616      66  398297  7758227  77.88
2010-2011      5-9      0.00009  0.00047  2.35   99550      47  497625  7359930  73.93
2010-2011     10-14     0.00009  0.00044  2.55   99503      44  497409  6862305  68.97
2010-2011     15-19     0.00041  0.00205  3.18   99460     204  496927  6364896  63.99
2010-2011     20-24     0.00057  0.00286  2.52   99256     284  495576  5867969  59.12
2010-2011     25-29     0.00077  0.00385  2.72   98972     381  493992  5372394  54.28
2010-2011     30-34     0.00113  0.00562  2.64   98591     554  491646  4878402  49.48
2010-2011     35-39     0.00152  0.00759  2.57   98037     745  488377  4386756  44.75
2010-2011     40-44     0.00200  0.00995  2.59   97293     968  484127  3898379  40.07
2010-2011     45-49     0.00274  0.01361  2.59   96324    1311  478457  3414252  35.45
2010-2011     50-54     0.00428  0.02117  2.68   95013    2012  470400  2935795  30.90
2010-2011     55-59     0.00660  0.03247  2.60   93001    3019  457747  2465395  26.51
2010-2011     60-64     0.01035  0.05051  2.66   89982    4545  439283  2007648  22.31
2010-2011     65-69     0.01637  0.07884  2.68   85437    6736  411579  1568365  18.36
2010-2011     70-74     0.02664  0.12533  2.64   78701    9863  370228  1156785  14.70
2010-2011     75-79     0.04283  0.19427  2.61   68837   13373  312230   786557  11.43
2010-2011     80-84     0.07375  0.31265  2.57   55464   17341  235125   474328   8.55
2010-2011     85-89     0.11858  0.45545  2.45   38123   17363  146422   239203   6.27
2010-2011     90-94     0.19084  0.63316  2.34   20760   13145   68876    92781   4.47
2010-2011     95-99     0.29714  0.79303  2.06    7616    6039   20326    23904   3.14
2010-2011    100-104    0.42918  0.90097  1.78    1576    1420    3309     3579   2.27
2010-2011    105-109    0.57426  0.95614  1.51     156     149     260      270   1.73
2010-2011    110+       0.69082  1.00000  1.45       7       7      10       10   1.45
