Scotland, Life tables (period 5x5), Females     Last modified: 26-Apr-2013, MPv5 (May07)

  Year          Age         mx       qx    ax      lx      dx      Lx       Tx     ex
1855-1859        0      0.11544  0.10738  0.35  100000   10738   93020  4501300  45.01
1855-1859      1-4      0.03628  0.13270  1.42   89262   11845  326514  4408280  49.39
1855-1859      5-9      0.00889  0.04331  1.98   77417    3353  376967  4081766  52.72
1855-1859     10-14     0.00464  0.02295  2.52   74064    1700  366108  3704800  50.02
1855-1859     15-19     0.00616  0.03036  2.61   72365    2197  356569  3338692  46.14
1855-1859     20-24     0.00781  0.03831  2.55   70167    2688  344250  2982123  42.50
1855-1859     25-29     0.00880  0.04307  2.53   67480    2906  330213  2637873  39.09
1855-1859     30-34     0.00986  0.04812  2.52   64574    3108  315162  2307660  35.74
1855-1859     35-39     0.01048  0.05106  2.50   61466    3138  299492  1992497  32.42
1855-1859     40-44     0.01158  0.05628  2.51   58328    3282  283462  1693005  29.03
1855-1859     45-49     0.01210  0.05872  2.53   55045    3232  267245  1409543  25.61
1855-1859     50-54     0.01649  0.07930  2.59   51813    4109  249143  1142298  22.05
1855-1859     55-59     0.01884  0.09005  2.55   47704    4296  227998   893155  18.72
1855-1859     60-64     0.03085  0.14375  2.63   43408    6240  202242   665157  15.32
1855-1859     65-69     0.04057  0.18455  2.55   37168    6859  169063   462915  12.45
1855-1859     70-74     0.06796  0.29156  2.56   30309    8837  130022   293852   9.70
1855-1859     75-79     0.09578  0.38455  2.44   21472    8257   86211   163830   7.63
1855-1859     80-84     0.14071  0.51551  2.41   13215    6812   48414    77619   5.87
1855-1859     85-89     0.19771  0.63596  2.20    6402    4072   20594    29205   4.56
1855-1859     90-94     0.24888  0.72450  2.12    2331    1689    6785     8611   3.69
1855-1859     95-99     0.33819  0.82930  1.93     642     533    1575     1826   2.84
1855-1859    100-104    0.42695  0.89468  1.75     110      98     230      252   2.30
1855-1859    105-109    0.52080  0.93713  1.58      12      11      21       22   1.90
1855-1859    110+       0.59702  1.00000  1.67       1       1       1        1   1.67
1860-1864        0      0.12216  0.11318  0.35  100000   11318   92644  4300076  43.00
1860-1864      1-4      0.04054  0.14682  1.42   88682   13020  321200  4207432  47.44
1860-1864      5-9      0.00954  0.04640  2.03   75662    3511  367878  3886232  51.36
1860-1864     10-14     0.00539  0.02660  2.53   72151    1919  356014  3518354  48.76
1860-1864     15-19     0.00727  0.03572  2.60   70232    2509  345132  3162340  45.03
1860-1864     20-24     0.00855  0.04187  2.53   67723    2835  331611  2817209  41.60
1860-1864     25-29     0.00962  0.04695  2.50   64888    3047  316835  2485598  38.31
1860-1864     30-34     0.00996  0.04858  2.52   61841    3004  301748  2168763  35.07
1860-1864     35-39     0.01167  0.05672  2.53   58837    3337  285934  1867015  31.73
1860-1864     40-44     0.01202  0.05832  2.48   55500    3237  269350  1581081  28.49
1860-1864     45-49     0.01374  0.06647  2.56   52263    3474  252839  1311731  25.10
1860-1864     50-54     0.01605  0.07717  2.50   48789    3765  234528  1058892  21.70
1860-1864     55-59     0.02062  0.09834  2.66   45024    4428  214763   824364  18.31
1860-1864     60-64     0.03061  0.14224  2.52   40596    5774  188662   609601  15.02
1860-1864     65-69     0.04240  0.19261  2.63   34822    6707  158194   420939  12.09
1860-1864     70-74     0.07076  0.30097  2.52   28115    8462  119586   262746   9.35
1860-1864     75-79     0.10465  0.41403  2.48   19653    8137   77757   143160   7.28
1860-1864     80-84     0.14855  0.53495  2.39   11516    6161   41472    65403   5.68
1860-1864     85-89     0.20337  0.64646  2.18    5356    3462   17024    23931   4.47
1860-1864     90-94     0.25356  0.73011  2.10    1893    1382    5452     6907   3.65
1860-1864     95-99     0.33825  0.82875  1.92     511     424    1252     1455   2.85
1860-1864    100-104    0.42201  0.89129  1.76      88      78     185      203   2.32
1860-1864    105-109    0.51059  0.93311  1.60      10       9      17       18   1.94
1860-1864    110+       0.58260  1.00000  1.72       1       1       1        1   1.72
1865-1869        0      0.12128  0.11242  0.35  100000   11242   92693  4379069  43.79
1865-1869      1-4      0.03501  0.12850  1.44   88758   11406  325785  4286377  48.29
1865-1869      5-9      0.00897  0.04368  2.01   77353    3379  376665  3960591  51.20
1865-1869     10-14     0.00513  0.02533  2.56   73974    1873  365293  3583927  48.45
1865-1869     15-19     0.00733  0.03601  2.61   72100    2597  354286  3218634  44.64
1865-1869     20-24     0.00869  0.04252  2.53   69504    2956  340215  2864348  41.21
1865-1869     25-29     0.00962  0.04700  2.51   66548    3128  324950  2524133  37.93
1865-1869     30-34     0.01013  0.04941  2.51   63421    3133  309307  2199183  34.68
1865-1869     35-39     0.01165  0.05663  2.54   60287    3414  293036  1889876  31.35
1865-1869     40-44     0.01326  0.06415  2.50   56873    3649  275249  1596840  28.08
1865-1869     45-49     0.01402  0.06776  2.54   53224    3606  257244  1321591  24.83
1865-1869     50-54     0.01851  0.08853  2.54   49618    4393  237301  1064348  21.45
1865-1869     55-59     0.02022  0.09634  2.56   45225    4357  215476   827047  18.29
1865-1869     60-64     0.03316  0.15361  2.61   40869    6278  189346   611571  14.96
1865-1869     65-69     0.04090  0.18567  2.52   34591    6422  157027   422225  12.21
1865-1869     70-74     0.06970  0.29835  2.59   28168    8404  120578   265198   9.41
1865-1869     75-79     0.10396  0.41040  2.44   19764    8111   78026   144620   7.32
1865-1869     80-84     0.14637  0.52903  2.38   11653    6165   42119    66595   5.71
1865-1869     85-89     0.20368  0.64743  2.19    5488    3553   17445    24475   4.46
1865-1869     90-94     0.25187  0.72606  2.08    1935    1405    5578     7030   3.63
1865-1869     95-99     0.35232  0.84207  1.90     530     446    1267     1452   2.74
1865-1869    100-104    0.44403  0.90425  1.72      84      76     170      185   2.21
1865-1869    105-109    0.53989  0.94354  1.55       8       8      14       15   1.84
1865-1869    110+       0.61731  1.00000  1.62       0       0       1        1   1.62
1870-1874        0      0.12605  0.11651  0.35  100000   11651   92427  4294749  42.95
1870-1874      1-4      0.03544  0.12999  1.44   88349   11485  324027  4202322  47.56
1870-1874      5-9      0.00958  0.04658  2.06   76865    3580  373791  3878295  50.46
1870-1874     10-14     0.00567  0.02795  2.52   73285    2048  361342  3504504  47.82
1870-1874     15-19     0.00761  0.03736  2.61   71236    2662  349824  3143161  44.12
1870-1874     20-24     0.00925  0.04524  2.54   68575    3102  335239  2793337  40.73
1870-1874     25-29     0.01013  0.04939  2.49   65472    3234  319254  2458098  37.54
1870-1874     30-34     0.01029  0.05018  2.51   62239    3123  303427  2138844  34.37
1870-1874     35-39     0.01191  0.05786  2.53   59115    3420  287120  1835418  31.05
1870-1874     40-44     0.01277  0.06187  2.49   55695    3446  269837  1548298  27.80
1870-1874     45-49     0.01465  0.07071  2.57   52249    3695  252261  1278461  24.47
1870-1874     50-54     0.01835  0.08778  2.52   48554    4262  232211  1026200  21.14
1870-1874     55-59     0.02277  0.10799  2.61   44292    4783  210051   793989  17.93
1870-1874     60-64     0.03312  0.15302  2.52   39509    6046  182568   583938  14.78
1870-1874     65-69     0.04276  0.19400  2.61   33463    6492  151807   401370  11.99
1870-1874     70-74     0.07222  0.30615  2.51   26971    8257  114335   249563   9.25
1870-1874     75-79     0.10213  0.40613  2.48   18714    7600   74416   135228   7.23
1870-1874     80-84     0.15481  0.55021  2.37   11114    6115   39499    60811   5.47
1870-1874     85-89     0.21688  0.67128  2.16    4999    3356   15472    21313   4.26
1870-1874     90-94     0.26133  0.73909  2.06    1643    1214    4647     5841   3.55
1870-1874     95-99     0.34710  0.83657  1.90     429     359    1033     1193   2.78
1870-1874    100-104    0.43020  0.89590  1.74      70      63     146      160   2.28
1870-1874    105-109    0.51753  0.93551  1.59       7       7      13       14   1.92
1870-1874    110+       0.58836  1.00000  1.70       0       0       1        1   1.70
1875-1879        0      0.11744  0.10911  0.35  100000   10911   92908  4490123  44.90
1875-1879      1-4      0.03083  0.11419  1.40   89089   10173  329934  4397215  49.36
1875-1879      5-9      0.00818  0.03994  2.06   78916    3152  385325  4067281  51.54
1875-1879     10-14     0.00496  0.02452  2.55   75764    1858  374267  3681956  48.60
1875-1879     15-19     0.00694  0.03413  2.61   73906    2522  363489  3307689  44.76
1875-1879     20-24     0.00842  0.04126  2.54   71384    2945  349665  2944200  41.24
1875-1879     25-29     0.00932  0.04556  2.50   68439    3118  334412  2594535  37.91
1875-1879     30-34     0.00969  0.04730  2.51   65320    3089  318911  2260123  34.60
1875-1879     35-39     0.01095  0.05331  2.53   62231    3318  302961  1941212  31.19
1875-1879     40-44     0.01222  0.05929  2.50   58913    3493  285842  1638251  27.81
1875-1879     45-49     0.01331  0.06445  2.56   55420    3572  268403  1352408  24.40
1875-1879     50-54     0.01895  0.09057  2.58   51849    4696  247864  1084005  20.91
1875-1879     55-59     0.02228  0.10564  2.56   47152    4981  223587   836141  17.73
1875-1879     60-64     0.03471  0.16018  2.60   42171    6755  194619   612554  14.53
1875-1879     65-69     0.04449  0.20032  2.52   35417    7095  159456   417935  11.80
1875-1879     70-74     0.07100  0.30288  2.58   28322    8578  120814   258479   9.13
1875-1879     75-79     0.10756  0.42101  2.42   19744    8312   77278   137665   6.97
1875-1879     80-84     0.16082  0.56375  2.35   11431    6445   40072    60387   5.28
1875-1879     85-89     0.22649  0.68833  2.15    4987    3433   15156    20315   4.07
1875-1879     90-94     0.28330  0.76831  2.02    1554    1194    4215     5159   3.32
1875-1879     95-99     0.37034  0.85639  1.86     360     308     833      943   2.62
1875-1879    100-104    0.45983  0.91189  1.69      52      47     103      111   2.14
1875-1879    105-109    0.55220  0.94704  1.53       5       4       8        8   1.80
1875-1879    110+       0.62643  1.00000  1.60       0       0       0        0   1.60
1880-1884        0      0.11704  0.10876  0.35  100000   10876   92930  4608814  46.09
1880-1884      1-4      0.02884  0.10721  1.36   89124    9555  331265  4515884  50.67
1880-1884      5-9      0.00717  0.03514  2.15   79569    2796  389874  4184618  52.59
1880-1884     10-14     0.00470  0.02325  2.53   76773    1785  379463  3794745  49.43
1880-1884     15-19     0.00657  0.03234  2.61   74988    2425  369134  3415282  45.54
1880-1884     20-24     0.00770  0.03777  2.54   72563    2741  356067  3046148  41.98
1880-1884     25-29     0.00890  0.04355  2.53   69823    3040  341617  2690081  38.53
1880-1884     30-34     0.00966  0.04719  2.52   66782    3151  326080  2348464  35.17
1880-1884     35-39     0.01066  0.05194  2.52   63631    3305  309969  2022384  31.78
1880-1884     40-44     0.01180  0.05730  2.50   60326    3457  292998  1712415  28.39
1880-1884     45-49     0.01321  0.06401  2.56   56869    3640  275479  1419417  24.96
1880-1884     50-54     0.01713  0.08220  2.55   53229    4376  255420  1143938  21.49
1880-1884     55-59     0.02236  0.10616  2.62   48853    5186  231918   888518  18.19
1880-1884     60-64     0.03251  0.15054  2.54   43667    6573  202170   656600  15.04
1880-1884     65-69     0.04355  0.19695  2.58   37093    7306  167770   454430  12.25
1880-1884     70-74     0.06626  0.28451  2.52   29788    8475  127904   286660   9.62
1880-1884     75-79     0.09780  0.39285  2.50   21313    8373   85611   158756   7.45
1880-1884     80-84     0.14881  0.53567  2.39   12940    6932   46582    73145   5.65
1880-1884     85-89     0.20396  0.64687  2.17    6008    3887   19056    26563   4.42
1880-1884     90-94     0.26260  0.74491  2.10    2122    1581    6019     7507   3.54
1880-1884     95-99     0.35105  0.84075  1.90     541     455    1296     1488   2.75
1880-1884    100-104    0.44065  0.90227  1.73      86      78     176      192   2.23
1880-1884    105-109    0.53445  0.94168  1.56       8       8      15       16   1.86
1880-1884    110+       0.61031  1.00000  1.64       0       0       1        1   1.64
1885-1889        0      0.11520  0.10718  0.35  100000   10718   93034  4745302  47.45
1885-1889      1-4      0.02548  0.09545  1.34   89282    8522  334428  4652269  52.11
1885-1889      5-9      0.00623  0.03060  2.15   80760    2471  396745  4317841  53.47
1885-1889     10-14     0.00419  0.02073  2.56   78289    1623  387489  3921096  50.09
1885-1889     15-19     0.00608  0.02996  2.61   76666    2297  377835  3533607  46.09
1885-1889     20-24     0.00720  0.03538  2.54   74369    2631  365363  3155772  42.43
1885-1889     25-29     0.00823  0.04032  2.53   71738    2893  351534  2790408  38.90
1885-1889     30-34     0.00891  0.04359  2.52   68845    3001  336791  2438874  35.43
1885-1889     35-39     0.01022  0.04986  2.53   65844    3283  321110  2102083  31.93
1885-1889     40-44     0.01114  0.05419  2.50   62561    3390  304343  1780973  28.47
1885-1889     45-49     0.01250  0.06066  2.58   59171    3589  287152  1476630  24.96
1885-1889     50-54     0.01784  0.08554  2.58   55582    4754  266419  1189478  21.40
1885-1889     55-59     0.02154  0.10232  2.56   50828    5200  241474   923059  18.16
1885-1889     60-64     0.03362  0.15556  2.60   45627    7098  211111   681585  14.94
1885-1889     65-69     0.04399  0.19828  2.52   38529    7640  173679   470475  12.21
1885-1889     70-74     0.06587  0.28353  2.55   30890    8758  132955   296796   9.61
1885-1889     75-79     0.09648  0.38726  2.45   22131    8571   88832   163841   7.40
1885-1889     80-84     0.14999  0.53743  2.36   13561    7288   48592    75009   5.53
1885-1889     85-89     0.21282  0.66710  2.20    6273    4185   19662    26417   4.21
1885-1889     90-94     0.29001  0.77975  2.04    2088    1628    5615     6755   3.23
1885-1889     95-99     0.39189  0.87392  1.83     460     402    1026     1141   2.48
1885-1889    100-104    0.49799  0.92975  1.63      58      54     108      115   1.98
1885-1889    105-109    0.60474  0.96118  1.45       4       4       6        7   1.65
1885-1889    110+       0.68856  1.00000  1.45       0       0       0        0   1.45
1890-1894        0      0.12430  0.11501  0.35  100000   11501   92524  4664667  46.65
1890-1894      1-4      0.02690  0.10030  1.30   88499    8877  330025  4572142  51.66
1890-1894      5-9      0.00588  0.02892  2.13   79622    2303  391500  4242117  53.28
1890-1894     10-14     0.00390  0.01932  2.55   77319    1494  382941  3850617  49.80
1890-1894     15-19     0.00553  0.02729  2.61   75825    2069  374189  3467676  45.73
1890-1894     20-24     0.00664  0.03265  2.56   73756    2408  362899  3093487  41.94
1890-1894     25-29     0.00800  0.03923  2.55   71348    2799  349869  2730589  38.27
1890-1894     30-34     0.00903  0.04414  2.53   68549    3026  335273  2380720  34.73
1890-1894     35-39     0.01035  0.05048  2.54   65523    3308  319463  2045447  31.22
1890-1894     40-44     0.01165  0.05660  2.52   62215    3521  302338  1725984  27.74
1890-1894     45-49     0.01348  0.06528  2.56   58694    3832  284139  1423646  24.26
1890-1894     50-54     0.01751  0.08395  2.57   54862    4606  263104  1139507  20.77
1890-1894     55-59     0.02412  0.11407  2.62   50257    5733  237629   876402  17.44
1890-1894     60-64     0.03492  0.16080  2.54   44524    7160  205029   638774  14.35
1890-1894     65-69     0.04800  0.21499  2.57   37364    8033  167339   433745  11.61
1890-1894     70-74     0.07347  0.31035  2.50   29331    9103  123896   266406   9.08
1890-1894     75-79     0.10410  0.41148  2.46   20228    8324   79960   142510   7.05
1890-1894     80-84     0.16172  0.56553  2.34   11905    6733   41631    62550   5.25
1890-1894     85-89     0.22501  0.68589  2.15    5172    3548   15766    20920   4.04
1890-1894     90-94     0.29829  0.79073  2.03    1625    1285    4307     5154   3.17
1890-1894     95-99     0.39076  0.87226  1.83     340     297     759      847   2.49
1890-1894    100-104    0.48873  0.92541  1.64      43      40      82       88   2.02
1890-1894    105-109    0.58791  0.95694  1.48       3       3       5        5   1.69
1890-1894    110+       0.66654  1.00000  1.50       0       0       0        0   1.50
1895-1899        0      0.12741  0.11767  0.35  100000   11767   92352  4809329  48.09
1895-1899      1-4      0.02358  0.08860  1.27   88233    7818  331573  4716978  53.46
1895-1899      5-9      0.00503  0.02477  2.13   80416    1992  396361  4385405  54.53
1895-1899     10-14     0.00343  0.01703  2.57   78424    1335  388878  3989044  50.87
1895-1899     15-19     0.00489  0.02415  2.60   77088    1862  380976  3600166  46.70
1895-1899     20-24     0.00588  0.02896  2.56   75227    2179  370810  3219190  42.79
1895-1899     25-29     0.00709  0.03482  2.55   73048    2544  358996  2848380  38.99
1895-1899     30-34     0.00794  0.03896  2.54   70504    2747  345764  2489384  35.31
1895-1899     35-39     0.00951  0.04645  2.54   67757    3148  331053  2143621  31.64
1895-1899     40-44     0.01080  0.05262  2.54   64609    3400  314667  1812567  28.05
1895-1899     45-49     0.01316  0.06379  2.58   61210    3905  296604  1497900  24.47
1895-1899     50-54     0.01810  0.08672  2.58   57305    4969  274515  1201296  20.96
1895-1899     55-59     0.02315  0.10962  2.57   52336    5737  247759   926781  17.71
1895-1899     60-64     0.03508  0.16172  2.59   46599    7536  214797   679022  14.57
1895-1899     65-69     0.04632  0.20777  2.53   39063    8116  175233   464225  11.88
1895-1899     70-74     0.07054  0.30047  2.54   30947    9299  131815   288992   9.34
1895-1899     75-79     0.10096  0.40063  2.42   21649    8673   85909   157177   7.26
1895-1899     80-84     0.15044  0.53825  2.36   12975    6984   46425    71268   5.49
1895-1899     85-89     0.22081  0.68194  2.20    5991    4086   18504    24843   4.15
1895-1899     90-94     0.27872  0.75643  1.98    1906    1441    5172     6339   3.33
1895-1899     95-99     0.38611  0.86950  1.84     464     404    1045     1168   2.52
1895-1899    100-104    0.48857  0.92572  1.65      61      56     115      122   2.02
1895-1899    105-109    0.59239  0.95824  1.47       4       4       7        8   1.68
1895-1899    110+       0.67447  1.00000  1.48       0       0       0        0   1.48
1900-1904        0      0.11920  0.11063  0.35  100000   11063   92809  4926551  49.27
1900-1904      1-4      0.02083  0.07886  1.28   88937    7013  336645  4833742  54.35
1900-1904      5-9      0.00457  0.02254  2.17   81924    1847  404400  4497097  54.89
1900-1904     10-14     0.00318  0.01577  2.56   80077    1263  397306  4092696  51.11
1900-1904     15-19     0.00462  0.02284  2.62   78814    1800  389781  3695390  46.89
1900-1904     20-24     0.00552  0.02724  2.55   77014    2097  379937  3305608  42.92
1900-1904     25-29     0.00658  0.03237  2.55   74916    2425  368648  2925671  39.05
1900-1904     30-34     0.00770  0.03779  2.57   72491    2739  355791  2557023  35.27
1900-1904     35-39     0.00937  0.04578  2.53   69752    3193  340875  2201232  31.56
1900-1904     40-44     0.01015  0.04953  2.53   66559    3296  324642  1860357  27.95
1900-1904     45-49     0.01288  0.06249  2.61   63262    3953  306858  1535715  24.28
1900-1904     50-54     0.01800  0.08627  2.59   59309    5116  284193  1228856  20.72
1900-1904     55-59     0.02468  0.11652  2.60   54193    6314  255836   944663  17.43
1900-1904     60-64     0.03525  0.16219  2.54   47878    7766  220317   688827  14.39
1900-1904     65-69     0.04819  0.21561  2.56   40113    8649  179468   468510  11.68
1900-1904     70-74     0.07216  0.30572  2.50   31464    9619  133310   289042   9.19
1900-1904     75-79     0.10280  0.40711  2.45   21845    8893   86508   155733   7.13
1900-1904     80-84     0.15499  0.54992  2.36   12951    7122   45954    69225   5.34
1900-1904     85-89     0.22693  0.69241  2.19    5829    4036   17786    23271   3.99
1900-1904     90-94     0.30910  0.80079  1.99    1793    1436    4645     5485   3.06
1900-1904     95-99     0.41503  0.88940  1.79     357     318     765      840   2.35
1900-1904    100-104    0.52635  0.94027  1.58      40      37      71       74   1.88
1900-1904    105-109    0.63573  0.96751  1.41       2       2       4        4   1.57
1900-1904    110+       0.72001  1.00000  1.39       0       0       0        0   1.39
1905-1909        0      0.11001  0.10267  0.35  100000   10267   93326  5110029  51.10
1905-1909      1-4      0.01936  0.07358  1.28   89733    6603  340984  5016702  55.91
1905-1909      5-9      0.00425  0.02100  2.19   83130    1746  410749  4675719  56.25
1905-1909     10-14     0.00301  0.01495  2.53   81384    1217  403919  4264970  52.41
1905-1909     15-19     0.00400  0.01981  2.61   80168    1588  397038  3861051  48.16
1905-1909     20-24     0.00496  0.02451  2.56   78579    1926  388192  3464012  44.08
1905-1909     25-29     0.00579  0.02854  2.54   76653    2188  377890  3075820  40.13
1905-1909     30-34     0.00661  0.03250  2.56   74466    2420  366418  2697930  36.23
1905-1909     35-39     0.00818  0.04011  2.56   72045    2890  353163  2331512  32.36
1905-1909     40-44     0.00939  0.04588  2.55   69156    3173  338006  1978349  28.61
1905-1909     45-49     0.01207  0.05862  2.59   65983    3868  320606  1640343  24.86
1905-1909     50-54     0.01657  0.07970  2.60   62115    4950  298681  1319736  21.25
1905-1909     55-59     0.02331  0.11038  2.61   57164    6310  270757  1021055  17.86
1905-1909     60-64     0.03478  0.16025  2.55   50854    8149  234331   750299  14.75
1905-1909     65-69     0.04334  0.19569  2.52   42705    8357  192835   515968  12.08
1905-1909     70-74     0.06904  0.29546  2.56   34348   10148  146995   323133   9.41
1905-1909     75-79     0.10038  0.39895  2.43   24200    9654   96183   176138   7.28
1905-1909     80-84     0.14772  0.53176  2.37   14545    7735   52361    79954   5.50
1905-1909     85-89     0.22400  0.68939  2.21    6811    4695   20961    27594   4.05
1905-1909     90-94     0.29935  0.78797  2.00    2115    1667    5569     6633   3.14
1905-1909     95-99     0.41060  0.88693  1.80     449     398     969     1065   2.37
1905-1909    100-104    0.52433  0.93977  1.59      51      48      91       96   1.89
1905-1909    105-109    0.63623  0.96771  1.40       3       3       5        5   1.57
1905-1909    110+       0.72232  1.00000  1.38       0       0       0        0   1.38
1910-1914        0      0.10579  0.09898  0.35  100000    9898   93559  5297694  52.98
1910-1914      1-4      0.01739  0.06641  1.28   90102    5983  344109  5204136  57.76
1910-1914      5-9      0.00379  0.01873  2.15   84119    1575  416111  4860027  57.78
1910-1914     10-14     0.00257  0.01275  2.56   82543    1052  410153  4443916  53.84
1910-1914     15-19     0.00358  0.01773  2.60   81491    1445  403987  4033763  49.50
1910-1914     20-24     0.00417  0.02066  2.55   80046    1654  396181  3629776  45.35
1910-1914     25-29     0.00506  0.02498  2.56   78392    1958  387178  3233595  41.25
1910-1914     30-34     0.00602  0.02967  2.57   76434    2268  376661  2846417  37.24
1910-1914     35-39     0.00745  0.03657  2.56   74166    2712  364201  2469756  33.30
1910-1914     40-44     0.00868  0.04248  2.54   71453    3035  349815  2105555  29.47
1910-1914     45-49     0.01070  0.05214  2.60   68418    3567  333515  1755741  25.66
1910-1914     50-54     0.01489  0.07188  2.60   64851    4662  313055  1422226  21.93
1910-1914     55-59     0.02088  0.09944  2.62   60189    5985  286683  1109171  18.43
1910-1914     60-64     0.02975  0.13857  2.53   54204    7511  252503   822488  15.17
1910-1914     65-69     0.03912  0.17909  2.64   46693    8362  213763   569986  12.21
1910-1914     70-74     0.07188  0.30541  2.54   38331   11707  162857   356222   9.29
1910-1914     75-79     0.10300  0.40727  2.43   26624   10843  105272   193366   7.26
1910-1914     80-84     0.14710  0.52934  2.35   15781    8354   56787    88094   5.58
1910-1914     85-89     0.21129  0.66585  2.22    7428    4946   23407    31307   4.22
1910-1914     90-94     0.29592  0.78669  2.02    2482    1953    6598     7900   3.18
1910-1914     95-99     0.39534  0.87658  1.83     529     464    1174     1302   2.46
1910-1914    100-104    0.50443  0.93243  1.62      65      61     121      128   1.96
1910-1914    105-109    0.61362  0.96318  1.44       4       4       7        7   1.62
1910-1914    110+       0.69888  1.00000  1.43       0       0       0        0   1.43
1915-1919        0      0.10113  0.09477  0.34  100000    9477   93709  5244636  52.45
1915-1919      1-4      0.01921  0.07304  1.30   90523    6612  344219  5150927  56.90
1915-1919      5-9      0.00401  0.01985  2.17   83911    1666  414836  4806708  57.28
1915-1919     10-14     0.00290  0.01439  2.56   82246    1183  408347  4391872  53.40
1915-1919     15-19     0.00405  0.02008  2.64   81063    1627  401470  3983525  49.14
1915-1919     20-24     0.00495  0.02447  2.55   79435    1944  392421  3582055  45.09
1915-1919     25-29     0.00603  0.02969  2.55   77491    2301  381821  3189634  41.16
1915-1919     30-34     0.00664  0.03268  2.51   75191    2457  369842  2807813  37.34
1915-1919     35-39     0.00727  0.03572  2.53   72733    2598  357237  2437971  33.52
1915-1919     40-44     0.00812  0.03983  2.55   70135    2793  343828  2080734  29.67
1915-1919     45-49     0.01036  0.05056  2.60   67341    3404  328532  1736905  25.79
1915-1919     50-54     0.01424  0.06887  2.61   63937    4403  309141  1408373  22.03
1915-1919     55-59     0.02005  0.09563  2.60   59534    5693  284006  1099232  18.46
1915-1919     60-64     0.02871  0.13420  2.58   53840    7225  251702   815227  15.14
1915-1919     65-69     0.04033  0.18377  2.59   46615    8566  212424   563525  12.09
1915-1919     70-74     0.06832  0.29337  2.59   38049   11162  163391   351102   9.23
1915-1919     75-79     0.11059  0.43027  2.42   26886   11569  104608   187710   6.98
1915-1919     80-84     0.15224  0.54180  2.34   15318    8299   54514    83103   5.43
1915-1919     85-89     0.22180  0.68408  2.20    7019    4801   21647    28589   4.07
1915-1919     90-94     0.30063  0.79173  2.01    2217    1755    5839     6942   3.13
1915-1919     95-99     0.40825  0.88513  1.80     462     409    1001     1102   2.39
1915-1919    100-104    0.51876  0.93765  1.60      53      50      96      101   1.91
1915-1919    105-109    0.62804  0.96606  1.42       3       3       5        5   1.59
1915-1919    110+       0.71265  1.00000  1.40       0       0       0        0   1.40
1920-1924        0      0.08602  0.08109  0.29  100000    8109   94274  5674508  56.75
1920-1924      1-4      0.01357  0.05235  1.26   91891    4810  354368  5580234  60.73
1920-1924      5-9      0.00287  0.01424  2.14   87080    1240  431853  5225867  60.01
1920-1924     10-14     0.00193  0.00962  2.57   85840     826  427196  4794014  55.85
1920-1924     15-19     0.00289  0.01434  2.64   85014    1219  422189  4366818  51.37
1920-1924     20-24     0.00374  0.01854  2.58   83795    1553  415215  3944629  47.07
1920-1924     25-29     0.00441  0.02183  2.55   82242    1796  406815  3529414  42.92
1920-1924     30-34     0.00516  0.02550  2.57   80446    2051  397242  3122600  38.82
1920-1924     35-39     0.00610  0.03003  2.54   78395    2354  386173  2725358  34.76
1920-1924     40-44     0.00687  0.03380  2.56   76041    2570  373923  2339185  30.76
1920-1924     45-49     0.00873  0.04275  2.59   73470    3141  359789  1965262  26.75
1920-1924     50-54     0.01202  0.05842  2.63   70330    4109  341916  1605473  22.83
1920-1924     55-59     0.01797  0.08619  2.63   66221    5708  317570  1263557  19.08
1920-1924     60-64     0.02637  0.12397  2.59   60513    7502  284450   945986  15.63
1920-1924     65-69     0.03860  0.17666  2.61   53011    9365  242646   661536  12.48
1920-1924     70-74     0.06394  0.27686  2.58   43646   12084  188998   418891   9.60
1920-1924     75-79     0.09999  0.39896  2.47   31562   12592  125928   229892   7.28
1920-1924     80-84     0.14934  0.53645  2.38   18970   10177   68145   103965   5.48
1920-1924     85-89     0.22068  0.68208  2.20    8794    5998   27180    35820   4.07
1920-1924     90-94     0.30533  0.79718  2.00    2796    2229    7299     8640   3.09
1920-1924     95-99     0.41218  0.88793  1.80     567     503    1221     1341   2.36
1920-1924    100-104    0.52608  0.94036  1.58      64      60     114      120   1.88
1920-1924    105-109    0.63799  0.96803  1.40       4       4       6        6   1.56
1920-1924    110+       0.72398  1.00000  1.38       0       0       0        0   1.38
1925-1929        0      0.07834  0.07412  0.27  100000    7412   94607  5845300  58.45
1925-1929      1-4      0.01081  0.04199  1.24   92588    3888  359609  5750693  62.11
1925-1929      5-9      0.00246  0.01221  2.27   88701    1083  440547  5391084  60.78
1925-1929     10-14     0.00172  0.00856  2.53   87618     750  436239  4950537  56.50
1925-1929     15-19     0.00268  0.01330  2.64   86868    1156  431612  4514298  51.97
1925-1929     20-24     0.00329  0.01634  2.57   85712    1401  425155  4082686  47.63
1925-1929     25-29     0.00398  0.01971  2.54   84311    1662  417474  3657531  43.38
1925-1929     30-34     0.00440  0.02177  2.55   82649    1799  408845  3240057  39.20
1925-1929     35-39     0.00551  0.02720  2.57   80851    2199  398910  2831212  35.02
1925-1929     40-44     0.00641  0.03155  2.56   78652    2481  387200  2432302  30.92
1925-1929     45-49     0.00851  0.04170  2.62   76171    3176  373290  2045102  26.85
1925-1929     50-54     0.01182  0.05747  2.61   72994    4195  354940  1671812  22.90
1925-1929     55-59     0.01711  0.08223  2.63   68799    5657  330595  1316873  19.14
1925-1929     60-64     0.02546  0.11995  2.60   63142    7574  297503   986277  15.62
1925-1929     65-69     0.03788  0.17368  2.61   55568    9651  254762   688774  12.40
1925-1929     70-74     0.06450  0.27920  2.60   45917   12820  198774   434012   9.45
1925-1929     75-79     0.10420  0.41103  2.43   33097   13604  130560   235238   7.11
1925-1929     80-84     0.15091  0.53929  2.35   19493   10512   69660   104678   5.37
1925-1929     85-89     0.23193  0.70470  2.22    8981    6329   27288    35018   3.90
1925-1929     90-94     0.32519  0.81560  1.94    2652    2163    6651     7730   2.91
1925-1929     95-99     0.44373  0.90672  1.74     489     443     999     1079   2.21
1925-1929    100-104    0.56745  0.95315  1.52      46      43      77       80   1.75
1925-1929    105-109    0.68423  0.97559  1.34       2       2       3        3   1.46
1925-1929    110+       0.77060  1.00000  1.30       0       0       0        0   1.30
1930-1934        0      0.07538  0.07142  0.26  100000    7142   94744  5991782  59.92
1930-1934      1-4      0.00896  0.03500  1.31   92858    3250  362700  5897038  63.51
1930-1934      5-9      0.00233  0.01158  2.15   89608    1038  445083  5534338  61.76
1930-1934     10-14     0.00158  0.00788  2.65   88571     698  441211  5089255  57.46
1930-1934     15-19     0.00253  0.01256  2.61   87872    1104  436723  4648044  52.90
1930-1934     20-24     0.00308  0.01531  2.54   86769    1328  430577  4211320  48.53
1930-1934     25-29     0.00347  0.01720  2.55   85441    1470  423608  3780743  44.25
1930-1934     30-34     0.00414  0.02050  2.56   83971    1721  415655  3357135  39.98
1930-1934     35-39     0.00479  0.02369  2.55   82249    1949  406470  2941480  35.76
1930-1934     40-44     0.00594  0.02926  2.59   80300    2350  395844  2535010  31.57
1930-1934     45-49     0.00776  0.03808  2.60   77951    2968  382632  2139165  27.44
1930-1934     50-54     0.01081  0.05272  2.63   74982    3953  365550  1756533  23.43
1930-1934     55-59     0.01597  0.07695  2.63   71029    5466  342167  1390983  19.58
1930-1934     60-64     0.02388  0.11296  2.62   65563    7406  310163  1048816  16.00
1930-1934     65-69     0.03691  0.16980  2.64   58157    9875  267519   738653  12.70
1930-1934     70-74     0.06034  0.26236  2.52   48282   12667  209946   471134   9.76
1930-1934     75-79     0.09858  0.39624  2.53   35615   14112  143151   261188   7.33
1930-1934     80-84     0.14721  0.53096  2.38   21503   11417   77557   118037   5.49
1930-1934     85-89     0.22493  0.69082  2.21   10086    6967   30977    40480   4.01
1930-1934     90-94     0.30897  0.80089  1.99    3118    2497    8083     9503   3.05
1930-1934     95-99     0.42697  0.89731  1.77     621     557    1305     1420   2.29
1930-1934    100-104    0.54734  0.94739  1.55      64      60     110      115   1.81
1930-1934    105-109    0.66324  0.97244  1.37       3       3       5        5   1.50
1930-1934    110+       0.75050  1.00000  1.33       0       0       0        0   1.33
1935-1939        0      0.06883  0.06543  0.25  100000    6543   95065  6178688  61.79
1935-1939      1-4      0.00609  0.02397  1.37   93457    2241  367938  6083623  65.10
1935-1939      5-9      0.00188  0.00934  2.19   91216     852  453687  5715685  62.66
1935-1939     10-14     0.00124  0.00618  2.60   90365     559  450484  5261998  58.23
1935-1939     15-19     0.00228  0.01132  2.73   89806    1017  446724  4811514  53.58
1935-1939     20-24     0.00289  0.01437  2.50   88789    1276  440757  4364790  49.16
1935-1939     25-29     0.00310  0.01536  2.51   87513    1344  434223  3924033  44.84
1935-1939     30-34     0.00332  0.01648  2.56   86169    1420  427379  3489810  40.50
1935-1939     35-39     0.00424  0.02099  2.59   84749    1779  419458  3062431  36.14
1935-1939     40-44     0.00524  0.02586  2.57   82970    2146  409646  2642973  31.85
1935-1939     45-49     0.00714  0.03510  2.65   80824    2837  397445  2233326  27.63
1935-1939     50-54     0.01059  0.05166  2.61   77987    4029  380322  1835881  23.54
1935-1939     55-59     0.01491  0.07203  2.63   73959    5327  357192  1455559  19.68
1935-1939     60-64     0.02333  0.11054  2.63   68632    7587  325186  1098367  16.00
1935-1939     65-69     0.03689  0.16958  2.62   61045   10352  280628   773181  12.67
1935-1939     70-74     0.06120  0.26642  2.57   50693   13505  220688   492553   9.72
1935-1939     75-79     0.09892  0.39842  2.56   37187   14816  149774   271865   7.31
1935-1939     80-84     0.14866  0.53532  2.39   22371   11976   80559   122091   5.46
1935-1939     85-89     0.22418  0.68871  2.20   10395    7159   31936    41532   4.00
1935-1939     90-94     0.31875  0.81374  1.99    3236    2633    8261     9596   2.97
1935-1939     95-99     0.44190  0.90592  1.74     603     546    1236     1335   2.21
1935-1939    100-104    0.56718  0.95318  1.52      57      54      95       99   1.75
1935-1939    105-109    0.68540  0.97580  1.33       3       3       4        4   1.46
1935-1939    110+       0.77262  1.00000  1.29       0       0       0        0   1.29
1940-1944        0      0.06552  0.06240  0.24  100000    6240   95236  6288247  62.88
1940-1944      1-4      0.00483  0.01910  1.53   93760    1791  370611  6193012  66.05
1940-1944      5-9      0.00172  0.00856  2.18   91970     787  457624  5822401  63.31
1940-1944     10-14     0.00128  0.00640  2.73   91182     584  454587  5364777  58.84
1940-1944     15-19     0.00260  0.01291  2.67   90598    1170  450269  4910190  54.20
1940-1944     20-24     0.00359  0.01781  2.58   89429    1592  443297  4459921  49.87
1940-1944     25-29     0.00340  0.01685  2.42   87837    1480  435365  4016624  45.73
1940-1944     30-34     0.00326  0.01615  2.52   86356    1395  428317  3581259  41.47
1940-1944     35-39     0.00370  0.01836  2.57   84962    1560  421019  3152942  37.11
1940-1944     40-44     0.00477  0.02360  2.61   83402    1969  412297  2731924  32.76
1940-1944     45-49     0.00637  0.03136  2.61   81433    2554  401064  2319626  28.49
1940-1944     50-54     0.00925  0.04525  2.64   78879    3570  385976  1918563  24.32
1940-1944     55-59     0.01377  0.06668  2.64   75310    5022  364681  1532587  20.35
1940-1944     60-64     0.02147  0.10220  2.65   70288    7183  334529  1167906  16.62
1940-1944     65-69     0.03402  0.15733  2.61   63105    9928  291811   833377  13.21
1940-1944     70-74     0.05499  0.24273  2.59   53177   12907  234735   541565  10.18
1940-1944     75-79     0.08921  0.36535  2.52   40269   14712  164910   306830   7.62
1940-1944     80-84     0.14328  0.52149  2.39   25557   13328   93020   141920   5.55
1940-1944     85-89     0.22281  0.68903  2.23   12229    8426   37818    48900   4.00
1940-1944     90-94     0.32456  0.81541  1.95    3803    3101    9554    11083   2.91
1940-1944     95-99     0.44986  0.91053  1.73     702     639    1421     1528   2.18
1940-1944    100-104    0.58091  0.95694  1.50      63      60     103      107   1.71
1940-1944    105-109    0.70260  0.97817  1.31       3       3       4        4   1.42
1940-1944    110+       0.79063  1.00000  1.26       0       0       0        0   1.26
1945-1949        0      0.04559  0.04395  0.18  100000    4395   96399  6640269  66.40
1945-1949      1-4      0.00246  0.00976  1.53   95605     933  380115  6543870  68.45
1945-1949      5-9      0.00097  0.00484  2.34   94672     458  472142  6163755  65.11
1945-1949     10-14     0.00087  0.00432  2.80   94214     407  470171  5691613  60.41
1945-1949     15-19     0.00205  0.01019  2.72   93807     956  466854  5221442  55.66
1945-1949     20-24     0.00285  0.01417  2.56   92850    1316  461045  4754588  51.21
1945-1949     25-29     0.00309  0.01533  2.51   91535    1403  454181  4293543  46.91
1945-1949     30-34     0.00283  0.01404  2.43   90132    1265  447404  3839362  42.60
1945-1949     35-39     0.00302  0.01497  2.57   88866    1331  441101  3391958  38.17
1945-1949     40-44     0.00379  0.01879  2.61   87536    1645  433739  2950857  33.71
1945-1949     45-49     0.00542  0.02676  2.66   85891    2298  424077  2517117  29.31
1945-1949     50-54     0.00827  0.04055  2.63   83592    3390  409939  2093040  25.04
1945-1949     55-59     0.01209  0.05877  2.65   80203    4714  389937  1683101  20.99
1945-1949     60-64     0.01943  0.09290  2.66   75489    7013  361019  1293164  17.13
1945-1949     65-69     0.03185  0.14806  2.63   68476   10138  318335   932145  13.61
1945-1949     70-74     0.05130  0.22829  2.59   58337   13318  259603   613809  10.52
1945-1949     75-79     0.08490  0.35031  2.50   45020   15771  185748   354206   7.87
1945-1949     80-84     0.13660  0.50451  2.41   29249   14756  108027   168458   5.76
1945-1949     85-89     0.21083  0.66690  2.25   14493    9665   45844    60431   4.17
1945-1949     90-94     0.31190  0.80757  2.01    4828    3899   12499    14587   3.02
1945-1949     95-99     0.43458  0.90255  1.76     929     838    1929     2088   2.25
1945-1949    100-104    0.56531  0.95300  1.52      91      86     153      159   1.75
1945-1949    105-109    0.68864  0.97639  1.33       4       4       6        6   1.45
1945-1949    110+       0.77893  1.00000  1.28       0       0       0        0   1.28
1950-1954        0      0.03103  0.03022  0.14  100000    3022   97401  6945669  69.46
1950-1954      1-4      0.00143  0.00571  1.51   96978     554  386532  6848268  70.62
1950-1954      5-9      0.00052  0.00259  2.26   96424     250  481433  6461737  67.01
1950-1954     10-14     0.00042  0.00210  2.66   96174     202  480396  5980304  62.18
1950-1954     15-19     0.00082  0.00411  2.75   95972     395  478972  5499908  57.31
1950-1954     20-24     0.00129  0.00641  2.62   95577     613  476428  5020936  52.53
1950-1954     25-29     0.00158  0.00786  2.53   94964     746  472982  4544508  47.85
1950-1954     30-34     0.00182  0.00906  2.62   94218     853  469056  4071527  43.21
1950-1954     35-39     0.00231  0.01147  2.58   93365    1070  464230  3602471  38.58
1950-1954     40-44     0.00330  0.01637  2.66   92294    1511  457934  3138241  34.00
1950-1954     45-49     0.00498  0.02462  2.66   90783    2235  448678  2680306  29.52
1950-1954     50-54     0.00757  0.03720  2.65   88548    3294  435007  2231628  25.20
1950-1954     55-59     0.01148  0.05591  2.65   85254    4766  415073  1796621  21.07
1950-1954     60-64     0.01861  0.08917  2.67   80488    7177  385683  1381548  17.16
1950-1954     65-69     0.03088  0.14393  2.65   73311   10551  341718   995865  13.58
1950-1954     70-74     0.05167  0.22983  2.60   62760   14424  279177   654147  10.42
1950-1954     75-79     0.08722  0.35911  2.54   48336   17358  199012   374970   7.76
1950-1954     80-84     0.14008  0.51371  2.41   30978   15914  113600   175958   5.68
1950-1954     85-89     0.21361  0.67094  2.23   15064   10107   47317    62357   4.14
1950-1954     90-94     0.31030  0.80506  2.01    4957    3991   12860    15040   3.03
1950-1954     95-99     0.43305  0.90145  1.76     966     871    2012     2180   2.26
1950-1954    100-104    0.56097  0.95169  1.53      95      91     162      168   1.77
1950-1954    105-109    0.68230  0.97545  1.34       5       4       7        7   1.46
1950-1954    110+       0.77181  1.00000  1.30       0       0       0        0   1.30
1955-1959        0      0.02606  0.02548  0.13  100000    2548   97773  7126376  71.26
1955-1959      1-4      0.00095  0.00379  1.50   97452     369  388888  7028603  72.12
1955-1959      5-9      0.00038  0.00190  2.31   97083     184  484921  6639715  68.39
1955-1959     10-14     0.00033  0.00163  2.57   96899     158  484110  6154794  63.52
1955-1959     15-19     0.00043  0.00217  2.63   96741     210  483205  5670684  58.62
1955-1959     20-24     0.00063  0.00315  2.68   96530     304  481945  5187480  53.74
1955-1959     25-29     0.00094  0.00471  2.62   96226     453  480051  4705535  48.90
1955-1959     30-34     0.00123  0.00611  2.61   95773     585  477468  4225484  44.12
1955-1959     35-39     0.00188  0.00936  2.72   95188     891  473908  3748015  39.37
1955-1959     40-44     0.00285  0.01414  2.62   94297    1334  468308  3274107  34.72
1955-1959     45-49     0.00430  0.02129  2.67   92963    1979  460203  2805799  30.18
1955-1959     50-54     0.00666  0.03277  2.66   90985    2982  447952  2345596  25.78
1955-1959     55-59     0.01062  0.05180  2.68   88003    4559  429446  1897644  21.56
1955-1959     60-64     0.01755  0.08427  2.66   83444    7032  400748  1468198  17.59
1955-1959     65-69     0.02886  0.13513  2.65   76412   10326  357781  1067450  13.97
1955-1959     70-74     0.04872  0.21827  2.62   66086   14424  296058   709669  10.74
1955-1959     75-79     0.08188  0.34068  2.54   51662   17600  214960   413612   8.01
1955-1959     80-84     0.13373  0.49765  2.43   34062   16951  126752   198652   5.83
1955-1959     85-89     0.20811  0.66167  2.25   17111   11322   54403    71900   4.20
1955-1959     90-94     0.31166  0.80873  2.03    5789    4682   15022    17497   3.02
1955-1959     95-99     0.43710  0.90420  1.76    1107    1001    2291     2475   2.24
1955-1959    100-104    0.57078  0.95458  1.51     106     101     177      184   1.74
1955-1959    105-109    0.69607  0.97743  1.32       5       5       7        7   1.43
1955-1959    110+       0.78696  1.00000  1.27       0       0       0        0   1.27
1960-1964        0      0.02287  0.02242  0.12  100000    2242   98020  7215630  72.16
1960-1964      1-4      0.00092  0.00367  1.57   97758     358  390162  7117610  72.81
1960-1964      5-9      0.00034  0.00171  2.26   97400     167  486540  6727448  69.07
1960-1964     10-14     0.00029  0.00147  2.55   97233     143  485814  6240907  64.19
1960-1964     15-19     0.00037  0.00187  2.62   97090     182  485017  5755093  59.28
1960-1964     20-24     0.00050  0.00250  2.57   96908     242  483952  5270076  54.38
1960-1964     25-29     0.00072  0.00361  2.56   96666     349  482479  4786124  49.51
1960-1964     30-34     0.00101  0.00503  2.75   96317     484  480493  4303645  44.68
1960-1964     35-39     0.00166  0.00829  2.65   95832     794  477295  3823153  39.89
1960-1964     40-44     0.00273  0.01356  2.74   95038    1289  472274  3345857  35.21
1960-1964     45-49     0.00421  0.02082  2.67   93749    1952  464201  2873583  30.65
1960-1964     50-54     0.00650  0.03203  2.69   91797    2940  452189  2409382  26.25
1960-1964     55-59     0.01014  0.04952  2.67   88857    4400  434026  1957193  22.03
1960-1964     60-64     0.01660  0.07992  2.66   84457    6750  406505  1523167  18.03
1960-1964     65-69     0.02758  0.12949  2.65   77707   10062  364893  1116662  14.37
1960-1964     70-74     0.04596  0.20715  2.62   67645   14013  304913   751769  11.11
1960-1964     75-79     0.07725  0.32486  2.55   53632   17423  225536   446856   8.33
1960-1964     80-84     0.12602  0.47642  2.44   36209   17251  136892   221320   6.11
1960-1964     85-89     0.19373  0.63484  2.29   18959   12036   62125    84427   4.45
1960-1964     90-94     0.29023  0.78475  2.07    6923    5433   18719    22303   3.22
1960-1964     95-99     0.40390  0.88413  1.82    1490    1317    3262     3583   2.40
1960-1964    100-104    0.53113  0.94293  1.58     173     163     307      322   1.86
1960-1964    105-109    0.65538  0.97148  1.38      10      10      15       15   1.52
1960-1964    110+       0.74898  1.00000  1.34       0       0       0        0   1.34
1965-1969        0      0.01963  0.01929  0.11  100000    1929   98279  7309231  73.09
1965-1969      1-4      0.00078  0.00312  1.56   98071     306  391535  7210953  73.53
1965-1969      5-9      0.00031  0.00154  2.23   97765     151  488408  6819417  69.75
1965-1969     10-14     0.00028  0.00141  2.60   97614     138  487741  6331009  64.86
1965-1969     15-19     0.00044  0.00219  2.71   97476     213  486893  5843269  59.95
1965-1969     20-24     0.00047  0.00236  2.54   97263     230  485751  5356375  55.07
1965-1969     25-29     0.00059  0.00293  2.61   97033     285  484487  4870625  50.20
1965-1969     30-34     0.00087  0.00435  2.61   96749     421  482738  4386137  45.34
1965-1969     35-39     0.00156  0.00776  2.70   96328     747  479920  3903399  40.52
1965-1969     40-44     0.00256  0.01274  2.68   95581    1218  475081  3423479  35.82
1965-1969     45-49     0.00411  0.02036  2.64   94363    1921  467289  2948398  31.25
1965-1969     50-54     0.00657  0.03235  2.65   92442    2990  455183  2481109  26.84
1965-1969     55-59     0.00978  0.04778  2.64   89452    4274  437178  2025926  22.65
1965-1969     60-64     0.01536  0.07413  2.67   85178    6314  411195  1588748  18.65
1965-1969     65-69     0.02528  0.11932  2.66   78863    9410  372277  1177553  14.93
1965-1969     70-74     0.04331  0.19626  2.61   69453   13631  314718   805276  11.59
1965-1969     75-79     0.07094  0.30203  2.54   55822   16860  237655   490558   8.79
1965-1969     80-84     0.11364  0.44144  2.47   38962   17200  151354   252903   6.49
1965-1969     85-89     0.18286  0.61177  2.30   21763   13314   72809   101549   4.67
1965-1969     90-94     0.27073  0.76088  2.12    8449    6429   23746    28740   3.40
1965-1969     95-99     0.39153  0.87641  1.85    2020    1771    4522     4994   2.47
1965-1969    100-104    0.52283  0.94056  1.60     250     235     449      472   1.89
1965-1969    105-109    0.65207  0.97111  1.38      15      14      22       23   1.53
1965-1969    110+       0.74939  1.00000  1.33       0       0       1        1   1.33
1970-1974        0      0.01666  0.01641  0.10  100000    1641   98522  7375061  73.75
1970-1974      1-4      0.00068  0.00272  1.62   98359     267  392798  7276539  73.98
1970-1974      5-9      0.00031  0.00153  2.10   98091     150  490022  6883741  70.18
1970-1974     10-14     0.00021  0.00106  2.42   97941     104  489437  6393719  65.28
1970-1974     15-19     0.00039  0.00195  2.63   97837     191  488733  5904282  60.35
1970-1974     20-24     0.00042  0.00210  2.53   97646     205  487726  5415549  55.46
1970-1974     25-29     0.00057  0.00287  2.54   97441     280  486519  4927823  50.57
1970-1974     30-34     0.00085  0.00426  2.68   97162     414  484847  4441304  45.71
1970-1974     35-39     0.00143  0.00714  2.70   96748     691  482148  3956457  40.89
1970-1974     40-44     0.00246  0.01223  2.69   96057    1175  477568  3474309  36.17
1970-1974     45-49     0.00426  0.02111  2.68   94882    2003  469753  2996741  31.58
1970-1974     50-54     0.00667  0.03282  2.66   92879    3048  457255  2526987  27.21
1970-1974     55-59     0.01006  0.04915  2.66   89830    4415  438826  2069732  23.04
1970-1974     60-64     0.01514  0.07307  2.64   85415    6241  412343  1630906  19.09
1970-1974     65-69     0.02397  0.11344  2.65   79174    8982  374784  1218562  15.39
1970-1974     70-74     0.03943  0.18035  2.64   70192   12659  321062   843778  12.02
1970-1974     75-79     0.06687  0.28777  2.58   57533   16556  247592   522716   9.09
1970-1974     80-84     0.10796  0.42505  2.50   40977   17417  161333   275124   6.71
1970-1974     85-89     0.17359  0.59197  2.31   23559   13946   80339   113790   4.83
1970-1974     90-94     0.26359  0.75103  2.14    9613    7220   27390    33451   3.48
1970-1974     95-99     0.38107  0.86916  1.87    2393    2080    5459     6061   2.53
1970-1974    100-104    0.51301  0.93730  1.61     313     294     572      603   1.92
1970-1974    105-109    0.64418  0.96986  1.40      20      19      30       30   1.55
1970-1974    110+       0.74348  1.00000  1.35       1       1       1        1   1.35
1975-1979        0      0.01296  0.01281  0.09  100000    1281   98833  7448571  74.49
1975-1979      1-4      0.00061  0.00242  1.61   98719     239  394306  7349737  74.45
1975-1979      5-9      0.00022  0.00109  2.47   98480     107  492127  6955432  70.63
1975-1979     10-14     0.00022  0.00108  2.39   98372     106  491586  6463305  65.70
1975-1979     15-19     0.00037  0.00186  2.72   98267     183  490915  5971719  60.77
1975-1979     20-24     0.00046  0.00228  2.46   98083     223  489849  5480803  55.88
1975-1979     25-29     0.00057  0.00285  2.60   97860     279  488632  4990955  51.00
1975-1979     30-34     0.00078  0.00389  2.71   97581     380  487038  4502323  46.14
1975-1979     35-39     0.00141  0.00704  2.72   97202     684  484450  4015285  41.31
1975-1979     40-44     0.00236  0.01175  2.84   96518    1134  480140  3530835  36.58
1975-1979     45-49     0.00388  0.01925  2.67   95383    1836  472634  3050695  31.98
1975-1979     50-54     0.00649  0.03199  2.71   93547    2992  460882  2578061  27.56
1975-1979     55-59     0.00985  0.04814  2.64   90555    4359  442486  2117179  23.38
1975-1979     60-64     0.01539  0.07426  2.64   86196    6401  415871  1674693  19.43
1975-1979     65-69     0.02347  0.11111  2.60   79795    8866  377697  1258822  15.78
1975-1979     70-74     0.03720  0.17080  2.61   70929   12115  325632   881125  12.42
1975-1979     75-79     0.06157  0.26788  2.58   58814   15755  255904   555493   9.44
1975-1979     80-84     0.10176  0.40562  2.50   43059   17466  171637   299589   6.96
1975-1979     85-89     0.16587  0.57589  2.35   25593   14739   88858   127952   5.00
1975-1979     90-94     0.25214  0.73136  2.13   10854    7938   31484    39094   3.60
1975-1979     95-99     0.36846  0.85974  1.90    2916    2507    6804     7610   2.61
1975-1979    100-104    0.50013  0.93267  1.64     409     381     763      806   1.97
1975-1979    105-109    0.63274  0.96790  1.41      28      27      42       43   1.57
1975-1979    110+       0.73401  1.00000  1.36       1       1       1        1   1.36
1980-1984        0      0.00965  0.00957  0.08  100000     957   99120  7551060  75.51
1980-1984      1-4      0.00041  0.00165  1.61   99043     163  395782  7451941  75.24
1980-1984      5-9      0.00022  0.00109  2.22   98880     108  494099  7056159  71.36
1980-1984     10-14     0.00020  0.00099  2.65   98772      98  493629  6562060  66.44
1980-1984     15-19     0.00033  0.00162  2.70   98674     160  493001  6068431  61.50
1980-1984     20-24     0.00036  0.00179  2.46   98514     176  492121  5575430  56.60
1980-1984     25-29     0.00049  0.00243  2.62   98337     239  491118  5083310  51.69
1980-1984     30-34     0.00069  0.00342  2.70   98098     336  489719  4592192  46.81
1980-1984     35-39     0.00116  0.00579  2.77   97762     566  487546  4102473  41.96
1980-1984     40-44     0.00202  0.01007  2.76   97196     978  483793  3614928  37.19
1980-1984     45-49     0.00339  0.01683  2.69   96218    1619  477344  3131135  32.54
1980-1984     50-54     0.00591  0.02914  2.68   94598    2757  466589  2653791  28.05
1980-1984     55-59     0.00945  0.04622  2.66   91842    4245  449273  2187202  23.81
1980-1984     60-64     0.01474  0.07122  2.65   87597    6239  423296  1737929  19.84
1980-1984     65-69     0.02294  0.10879  2.63   81358    8851  385819  1314633  16.16
1980-1984     70-74     0.03589  0.16531  2.61   72507   11986  333936   928814  12.81
1980-1984     75-79     0.05771  0.25328  2.59   60521   15329  265616   594878   9.83
1980-1984     80-84     0.09516  0.38407  2.49   45192   17357  182398   329261   7.29
1980-1984     85-89     0.15295  0.54596  2.38   27835   15197   99363   146863   5.28
1980-1984     90-94     0.24074  0.71694  2.18   12638    9061   37638    47500   3.76
1980-1984     95-99     0.34649  0.84136  1.94    3577    3010    8687     9862   2.76
1980-1984    100-104    0.47438  0.92210  1.69     568     523    1103     1176   2.07
1980-1984    105-109    0.60649  0.96275  1.46      44      43      70       72   1.64
1980-1984    110+       0.70945  1.00000  1.41       2       2       2        2   1.41
1985-1989        0      0.00754  0.00749  0.07  100000     749   99307  7631178  76.31
1985-1989      1-4      0.00038  0.00151  1.52   99251     149  396635  7531871  75.89
1985-1989      5-9      0.00015  0.00077  2.49   99102      76  495319  7135237  72.00
1985-1989     10-14     0.00017  0.00086  2.61   99026      85  494925  6639918  67.05
1985-1989     15-19     0.00028  0.00140  2.55   98940     139  494362  6144993  62.11
1985-1989     20-24     0.00036  0.00182  2.47   98801     180  493552  5650632  57.19
1985-1989     25-29     0.00046  0.00229  2.59   98621     226  492562  5157079  52.29
1985-1989     30-34     0.00064  0.00317  2.67   98395     312  491249  4664517  47.41
1985-1989     35-39     0.00107  0.00532  2.65   98083     521  489191  4173269  42.55
1985-1989     40-44     0.00170  0.00847  2.75   97562     827  485948  3684078  37.76
1985-1989     45-49     0.00299  0.01484  2.64   96735    1435  480288  3198129  33.06
1985-1989     50-54     0.00494  0.02442  2.70   95300    2327  471157  2717842  28.52
1985-1989     55-59     0.00874  0.04284  2.73   92973    3983  455818  2246685  24.16
1985-1989     60-64     0.01426  0.06897  2.64   88990    6137  430495  1790867  20.12
1985-1989     65-69     0.02267  0.10761  2.64   82853    8916  393263  1360372  16.42
1985-1989     70-74     0.03525  0.16255  2.61   73936   12018  340927   967110  13.08
1985-1989     75-79     0.05535  0.24381  2.56   61918   15096  272730   626183  10.11
1985-1989     80-84     0.09002  0.36826  2.53   46822   17243  191538   353453   7.55
1985-1989     85-89     0.14456  0.52574  2.41   29579   15551  107579   161914   5.47
1985-1989     90-94     0.23136  0.70379  2.22   14028    9873   42674    54335   3.87
1985-1989     95-99     0.33927  0.83526  1.96    4155    3471   10230    11662   2.81
1985-1989    100-104    0.46934  0.92014  1.70     685     630    1342     1432   2.09
1985-1989    105-109    0.60450  0.96247  1.46      55      53      87       90   1.65
1985-1989    110+       0.70992  1.00000  1.41       2       2       3        3   1.41
1990-1994        0      0.00579  0.00576  0.07  100000     576   99464  7721508  77.22
1990-1994      1-4      0.00033  0.00133  1.57   99424     132  397376  7622044  76.66
1990-1994      5-9      0.00013  0.00067  2.09   99292      67  496268  7224668  72.76
1990-1994     10-14     0.00017  0.00085  2.68   99226      85  495932  6728400  67.81
1990-1994     15-19     0.00029  0.00145  2.85   99141     143  495397  6232467  62.86
1990-1994     20-24     0.00035  0.00177  2.77   98998     175  494598  5737070  57.95
1990-1994     25-29     0.00050  0.00248  2.67   98823     245  493544  5242472  53.05
1990-1994     30-34     0.00064  0.00319  2.61   98578     314  492140  4748928  48.17
1990-1994     35-39     0.00104  0.00519  2.71   98264     510  490153  4256789  43.32
1990-1994     40-44     0.00163  0.00811  2.72   97754     792  486963  3766636  38.53
1990-1994     45-49     0.00268  0.01333  2.71   96961    1292  481846  3279673  33.82
1990-1994     50-54     0.00458  0.02267  2.68   95669    2168  473309  2797827  29.24
1990-1994     55-59     0.00760  0.03735  2.72   93500    3492  459531  2324518  24.86
1990-1994     60-64     0.01283  0.06229  2.66   90008    5607  436927  1864987  20.72
1990-1994     65-69     0.02098  0.09993  2.64   84401    8434  402091  1428059  16.92
1990-1994     70-74     0.03305  0.15318  2.62   75967   11637  352115  1025968  13.51
1990-1994     75-79     0.05252  0.23323  2.60   64330   15003  285697   673853  10.47
1990-1994     80-84     0.08393  0.34739  2.52   49327   17136  204162   388156   7.87
1990-1994     85-89     0.13553  0.50156  2.41   32191   16146  119134   183994   5.72
1990-1994     90-94     0.21906  0.68203  2.23   16045   10943   49955    64859   4.04
1990-1994     95-99     0.32399  0.82076  1.99    5102    4188   12925    14904   2.92
1990-1994    100-104    0.45244  0.91226  1.73     914     834    1844     1979   2.16
1990-1994    105-109    0.58822  0.95891  1.49      80      77     131      136   1.69
1990-1994    110+       0.69540  1.00000  1.44       3       3       5        5   1.44
1995-1999        0      0.00505  0.00503  0.07  100000     503   99531  7801802  78.02
1995-1999      1-4      0.00021  0.00084  1.68   99497      84  397795  7702271  77.41
1995-1999      5-9      0.00016  0.00078  2.15   99414      78  496847  7304476  73.48
1995-1999     10-14     0.00013  0.00066  2.63   99336      66  496524  6807629  68.53
1995-1999     15-19     0.00034  0.00169  2.66   99270     168  495959  6311105  63.57
1995-1999     20-24     0.00040  0.00202  2.62   99102     200  495035  5815146  58.68
1995-1999     25-29     0.00044  0.00218  2.58   98902     216  493989  5320111  53.79
1995-1999     30-34     0.00061  0.00304  2.59   98686     300  492709  4826122  48.90
1995-1999     35-39     0.00093  0.00464  2.65   98387     456  490862  4333413  44.04
1995-1999     40-44     0.00161  0.00804  2.73   97930     787  487864  3842550  39.24
1995-1999     45-49     0.00263  0.01309  2.71   97143    1272  482810  3354687  34.53
1995-1999     50-54     0.00423  0.02097  2.64   95871    2010  474622  2871877  29.96
1995-1999     55-59     0.00678  0.03336  2.67   93861    3132  462013  2397255  25.54
1995-1999     60-64     0.01119  0.05455  2.69   90730    4949  442208  1935242  21.33
1995-1999     65-69     0.01871  0.08963  2.66   85780    7688  410891  1493034  17.41
1995-1999     70-74     0.03064  0.14278  2.62   78092   11150  363901  1082143  13.86
1995-1999     75-79     0.04919  0.21988  2.59   66942   14719  299202   718242  10.73
1995-1999     80-84     0.08005  0.33436  2.54   52223   17461  218126   419040   8.02
1995-1999     85-89     0.13277  0.49467  2.42   34762   17196  129517   200914   5.78
1995-1999     90-94     0.21637  0.68005  2.27   17566   11946   55210    71397   4.06
1995-1999     95-99     0.32881  0.82622  1.99    5620    4644   14122    16186   2.88
1995-1999    100-104    0.46398  0.91828  1.71     977     897    1933     2064   2.11
1995-1999    105-109    0.60553  0.96299  1.46      80      77     127      131   1.64
1995-1999    110+       0.71570  1.00000  1.40       3       3       4        4   1.40
2000-2004        0      0.00463  0.00461  0.07  100000     461   99569  7894283  78.94
2000-2004      1-4      0.00022  0.00087  1.68   99539      86  397954  7794714  78.31
2000-2004      5-9      0.00010  0.00051  2.47   99452      50  497134  7396760  74.37
2000-2004     10-14     0.00013  0.00066  2.76   99402      66  496863  6899626  69.41
2000-2004     15-19     0.00033  0.00165  2.72   99336     164  496307  6402763  64.46
2000-2004     20-24     0.00040  0.00200  2.52   99172     199  495369  5906456  59.56
2000-2004     25-29     0.00045  0.00223  2.61   98974     221  494339  5411087  54.67
2000-2004     30-34     0.00063  0.00317  2.65   98753     313  493028  4916747  49.79
2000-2004     35-39     0.00095  0.00474  2.71   98440     467  491131  4423720  44.94
2000-2004     40-44     0.00150  0.00745  2.72   97973     730  488204  3932589  40.14
2000-2004     45-49     0.00249  0.01236  2.64   97243    1202  483378  3444385  35.42
2000-2004     50-54     0.00382  0.01893  2.64   96041    1818  475919  2961007  30.83
2000-2004     55-59     0.00618  0.03047  2.67   94223    2871  464431  2485088  26.37
2000-2004     60-64     0.01003  0.04897  2.62   91352    4473  446113  2020657  22.12
2000-2004     65-69     0.01606  0.07739  2.66   86879    6723  418664  1574544  18.12
2000-2004     70-74     0.02672  0.12581  2.68   80155   10085  377400  1155881  14.42
2000-2004     75-79     0.04501  0.20310  2.60   70071   14231  316155   778481  11.11
2000-2004     80-84     0.07509  0.31732  2.56   55839   17719  235963   462325   8.28
2000-2004     85-89     0.12605  0.47744  2.46   38121   18201  144387   226363   5.94
2000-2004     90-94     0.21202  0.67038  2.26   19920   13354   62985    81976   4.12
2000-2004     95-99     0.32679  0.82487  2.00    6566    5416   16574    18991   2.89
2000-2004    100-104    0.46654  0.91987  1.71    1150    1058    2267     2417   2.10
2000-2004    105-109    0.61275  0.96467  1.45      92      89     145      150   1.62
2000-2004    110+       0.72573  1.00000  1.38       3       3       4        4   1.38
2005-2009        0      0.00396  0.00394  0.06  100000     394   99631  7991573  79.92
2005-2009      1-4      0.00022  0.00086  1.52   99606      86  398209  7891942  79.23
2005-2009      5-9      0.00008  0.00041  2.41   99520      41  497493  7493733  75.30
2005-2009     10-14     0.00012  0.00058  2.45   99479      58  497247  6996239  70.33
2005-2009     15-19     0.00031  0.00154  2.71   99421     153  496755  6498992  65.37
2005-2009     20-24     0.00035  0.00175  2.46   99268     174  495896  6002236  60.47
2005-2009     25-29     0.00042  0.00210  2.72   99094     208  494995  5506340  55.57
2005-2009     30-34     0.00065  0.00326  2.53   98886     323  493634  5011345  50.68
2005-2009     35-39     0.00100  0.00499  2.62   98563     492  491647  4517711  45.84
2005-2009     40-44     0.00146  0.00728  2.63   98071     714  488663  4026064  41.05
2005-2009     45-49     0.00231  0.01150  2.69   97357    1119  484205  3537402  36.33
2005-2009     50-54     0.00365  0.01809  2.66   96238    1741  477113  3053197  31.73
2005-2009     55-59     0.00553  0.02731  2.67   94497    2581  466467  2576084  27.26
2005-2009     60-64     0.00899  0.04405  2.68   91917    4049  450198  2109617  22.95
2005-2009     65-69     0.01456  0.07040  2.65   87868    6186  424817  1659419  18.89
2005-2009     70-74     0.02323  0.11019  2.67   81682    9001  387433  1234601  15.11
2005-2009     75-79     0.04007  0.18312  2.65   72682   13309  332150   847168  11.66
2005-2009     80-84     0.06917  0.29602  2.57   59372   17575  254099   515018   8.67
2005-2009     85-89     0.11618  0.44933  2.48   41797   18781  161651   260919   6.24
2005-2009     90-94     0.19921  0.65019  2.33   23016   14965   75122    99268   4.31
2005-2009     95-99     0.31303  0.81127  2.03    8051    6532   20866    24145   3.00
2005-2009    100-104    0.45332  0.91393  1.74    1520    1389    3064     3279   2.16
2005-2009    105-109    0.60234  0.96267  1.47     131     126     209      216   1.65
2005-2009    110+       0.71846  1.00000  1.39       5       5       7        7   1.39
2010-2011        0      0.00342  0.00341  0.06  100000     341   99680  8074563  80.75
2010-2011      1-4      0.00016  0.00064  1.46   99659      63  398475  7974883  80.02
2010-2011      5-9      0.00006  0.00030  2.41   99596      30  497901  7576408  76.07
2010-2011     10-14     0.00009  0.00045  2.53   99566      45  497718  7078507  71.09
2010-2011     15-19     0.00030  0.00149  3.09   99521     148  497321  6580788  66.12
2010-2011     20-24     0.00031  0.00156  2.48   99373     155  496473  6083467  61.22
2010-2011     25-29     0.00046  0.00229  2.81   99218     227  495590  5586994  56.31
2010-2011     30-34     0.00072  0.00359  2.71   98990     356  494138  5091404  51.43
2010-2011     35-39     0.00103  0.00513  2.70   98635     506  492009  4597266  46.61
2010-2011     40-44     0.00138  0.00686  2.63   98129     673  489052  4105257  41.84
2010-2011     45-49     0.00215  0.01068  2.65   97456    1041  484831  3616205  37.11
2010-2011     50-54     0.00350  0.01735  2.69   96416    1673  478208  3131374  32.48
2010-2011     55-59     0.00511  0.02523  2.63   94743    2390  468055  2653166  28.00
2010-2011     60-64     0.00828  0.04060  2.66   92352    3749  452974  2185111  23.66
2010-2011     65-69     0.01318  0.06393  2.69   88603    5665  429947  1732137  19.55
2010-2011     70-74     0.02152  0.10243  2.66   82938    8496  394787  1302190  15.70
2010-2011     75-79     0.03603  0.16604  2.64   74443   12360  343039   907403  12.19
2010-2011     80-84     0.06371  0.27623  2.60   62082   17149  269168   564364   9.09
2010-2011     85-89     0.10789  0.42467  2.49   44933   19082  176863   295196   6.57
2010-2011     90-94     0.18372  0.61897  2.37   25851   16001   87097   118333   4.58
2010-2011     95-99     0.29307  0.78904  2.08    9850    7772   26520    31236   3.17
2010-2011    100-104    0.42924  0.90139  1.78    2078    1873    4364     4716   2.27
2010-2011    105-109    0.57767  0.95711  1.51     205     196     339      352   1.72
2010-2011    110+       0.69574  1.00000  1.44       9       9      13       13   1.44
