Scotland, Life tables (period 5x5), Males     Last modified: 26-Apr-2013, MPv5 (May07)

  Year          Age         mx       qx    ax      lx      dx      Lx       Tx     ex
1855-1859        0      0.13882  0.12701  0.33  100000   12701   91490  4192897  41.93
1855-1859      1-4      0.03621  0.13245  1.42   87299   11563  319360  4101407  46.98
1855-1859      5-9      0.00924  0.04496  2.03   75736    3405  368570  3782047  49.94
1855-1859     10-14     0.00501  0.02477  2.53   72331    1791  357233  3413477  47.19
1855-1859     15-19     0.00779  0.03824  2.68   70539    2697  346437  3056244  43.33
1855-1859     20-24     0.01081  0.05266  2.53   67842    3573  330391  2709807  39.94
1855-1859     25-29     0.01028  0.05009  2.45   64269    3219  313131  2379416  37.02
1855-1859     30-34     0.01057  0.05150  2.50   61050    3144  297399  2066285  33.85
1855-1859     35-39     0.01095  0.05331  2.51   57906    3087  281857  1768886  30.55
1855-1859     40-44     0.01324  0.06412  2.56   54819    3515  265503  1487028  27.13
1855-1859     45-49     0.01523  0.07336  2.52   51304    3764  247193  1221525  23.81
1855-1859     50-54     0.01909  0.09123  2.57   47541    4337  227164   974332  20.49
1855-1859     55-59     0.02328  0.11012  2.55   43203    4757  204353   747168  17.29
1855-1859     60-64     0.03597  0.16565  2.62   38446    6369  177059   542815  14.12
1855-1859     65-69     0.04993  0.22221  2.53   32077    7128  142751   365756  11.40
1855-1859     70-74     0.07525  0.31728  2.53   24949    7916  105200   223006   8.94
1855-1859     75-79     0.11214  0.43479  2.42   17033    7406   66044   117805   6.92
1855-1859     80-84     0.15571  0.55135  2.35    9627    5308   34088    51761   5.38
1855-1859     85-89     0.22641  0.68990  2.17    4319    2980   13161    17673   4.09
1855-1859     90-94     0.27850  0.76004  2.01    1339    1018    3655     4511   3.37
1855-1859     95-99     0.36373  0.85115  1.87     321     274     752      856   2.66
1855-1859    100-104    0.45278  0.90841  1.70      48      43      96      104   2.17
1855-1859    105-109    0.54514  0.94493  1.54       4       4       8        8   1.82
1855-1859    110+       0.61955  1.00000  1.61       0       0       0        0   1.61
1860-1864        0      0.14547  0.13255  0.33  100000   13255   91119  4043129  40.43
1860-1864      1-4      0.04083  0.14762  1.39   86745   12806  313604  3952010  45.56
1860-1864      5-9      0.00989  0.04807  2.08   73939    3554  359330  3638407  49.21
1860-1864     10-14     0.00540  0.02664  2.48   70385    1875  347204  3279076  46.59
1860-1864     15-19     0.00773  0.03795  2.67   68510    2600  336489  2931873  42.79
1860-1864     20-24     0.01061  0.05171  2.53   65910    3408  321138  2595383  39.38
1860-1864     25-29     0.01057  0.05146  2.46   62502    3216  304345  2274245  36.39
1860-1864     30-34     0.01067  0.05196  2.51   59286    3081  288756  1969900  33.23
1860-1864     35-39     0.01225  0.05945  2.53   56205    3342  272787  1681144  29.91
1860-1864     40-44     0.01353  0.06546  2.51   52863    3460  255707  1408357  26.64
1860-1864     45-49     0.01629  0.07834  2.57   49403    3870  237615  1152650  23.33
1860-1864     50-54     0.01991  0.09484  2.50   45533    4318  216870   915035  20.10
1860-1864     55-59     0.02460  0.11623  2.63   41215    4790  194722   698165  16.94
1860-1864     60-64     0.03693  0.16919  2.52   36424    6163  166857   503443  13.82
1860-1864     65-69     0.05006  0.22329  2.59   30262    6757  134994   336586  11.12
1860-1864     70-74     0.08081  0.33625  2.50   23505    7903   97798   201591   8.58
1860-1864     75-79     0.11880  0.45530  2.44   15601    7103   59790   103794   6.65
1860-1864     80-84     0.16503  0.57352  2.34    8498    4874   29532    44004   5.18
1860-1864     85-89     0.23092  0.69603  2.15    3624    2523   10924    14471   3.99
1860-1864     90-94     0.29278  0.77959  2.00    1102     859    2933     3547   3.22
1860-1864     95-99     0.38471  0.86749  1.84     243     211     548      614   2.53
1860-1864    100-104    0.47795  0.92047  1.66      32      30      62       66   2.06
1860-1864    105-109    0.57302  0.95298  1.50       3       2       4        4   1.74
1860-1864    110+       0.64888  1.00000  1.54       0       0       0        0   1.54
1865-1869        0      0.14474  0.13195  0.33  100000   13195   91160  4106833  41.07
1865-1869      1-4      0.03570  0.13069  1.41   86805   11344  317792  4015674  46.26
1865-1869      5-9      0.00917  0.04467  2.06   75461    3371  367410  3697882  49.00
1865-1869     10-14     0.00500  0.02468  2.51   72091    1779  356014  3330472  46.20
1865-1869     15-19     0.00744  0.03656  2.67   70311    2570  345576  2974458  42.30
1865-1869     20-24     0.01024  0.04994  2.54   67741    3383  330385  2628882  38.81
1865-1869     25-29     0.01063  0.05179  2.48   64358    3333  313400  2298497  35.71
1865-1869     30-34     0.01142  0.05553  2.51   61025    3389  296699  1985097  32.53
1865-1869     35-39     0.01244  0.06033  2.53   57636    3477  279577  1688398  29.29
1865-1869     40-44     0.01513  0.07293  2.55   54158    3950  261119  1408821  26.01
1865-1869     45-49     0.01780  0.08528  2.53   50208    4282  240483  1147702  22.86
1865-1869     50-54     0.02222  0.10534  2.54   45927    4838  217715   907218  19.75
1865-1869     55-59     0.02598  0.12210  2.54   41089    5017  193127   689504  16.78
1865-1869     60-64     0.03934  0.17963  2.59   36072    6479  164720   496377  13.76
1865-1869     65-69     0.05005  0.22236  2.49   29592    6580  131473   331657  11.21
1865-1869     70-74     0.07790  0.32708  2.55   23012    7527   96626   200184   8.70
1865-1869     75-79     0.11811  0.45252  2.42   15485    7007   59330   103559   6.69
1865-1869     80-84     0.16278  0.56813  2.34    8478    4817   29588    44228   5.22
1865-1869     85-89     0.23109  0.69650  2.15    3661    2550   11035    14640   4.00
1865-1869     90-94     0.28872  0.77246  1.99    1111     858    2973     3605   3.24
1865-1869     95-99     0.38934  0.87110  1.83     253     220     566      632   2.50
1865-1869    100-104    0.48567  0.92401  1.65      33      30      62       66   2.03
1865-1869    105-109    0.58340  0.95576  1.48       2       2       4        4   1.71
1865-1869    110+       0.66104  1.00000  1.51       0       0       0        0   1.51
1870-1874        0      0.15193  0.13789  0.33  100000   13789   90761  4008420  40.08
1870-1874      1-4      0.03618  0.13235  1.41   86211   11410  315320  3917659  45.44
1870-1874      5-9      0.01005  0.04882  2.12   74801    3652  363508  3602338  48.16
1870-1874     10-14     0.00551  0.02719  2.46   71150    1934  350829  3238830  45.52
1870-1874     15-19     0.00779  0.03826  2.67   69215    2648  339907  2888002  41.72
1870-1874     20-24     0.01066  0.05192  2.54   66567    3456  324334  2548094  38.28
1870-1874     25-29     0.01080  0.05257  2.47   63111    3318  307166  2223760  35.24
1870-1874     30-34     0.01118  0.05438  2.52   59794    3251  290908  1916594  32.05
1870-1874     35-39     0.01316  0.06372  2.54   56542    3603  273864  1625686  28.75
1870-1874     40-44     0.01512  0.07288  2.52   52939    3858  255136  1351823  25.54
1870-1874     45-49     0.01848  0.08840  2.57   49081    4339  234848  1096686  22.34
1870-1874     50-54     0.02312  0.10932  2.52   44742    4891  211582   861838  19.26
1870-1874     55-59     0.02861  0.13377  2.58   39851    5331  186338   650256  16.32
1870-1874     60-64     0.04011  0.18244  2.52   34521    6298  157013   463918  13.44
1870-1874     65-69     0.05373  0.23756  2.56   28223    6705  124778   306905  10.87
1870-1874     70-74     0.08331  0.34424  2.48   21518    7407   88910   182127   8.46
1870-1874     75-79     0.11821  0.45345  2.43   14111    6399   54130    93217   6.61
1870-1874     80-84     0.16901  0.58154  2.32    7712    4485   26537    39087   5.07
1870-1874     85-89     0.23814  0.70858  2.14    3227    2287    9602    12550   3.89
1870-1874     90-94     0.30156  0.78953  1.98     940     743    2462     2948   3.13
1870-1874     95-99     0.39741  0.87656  1.81     198     174     437      486   2.45
1870-1874    100-104    0.49323  0.92704  1.63      24      23      46       49   2.00
1870-1874    105-109    0.58987  0.95728  1.47       2       2       3        3   1.69
1870-1874    110+       0.66646  1.00000  1.50       0       0       0        0   1.50
1875-1879        0      0.14249  0.13007  0.33  100000   13007   91285  4222537  42.23
1875-1879      1-4      0.03188  0.11764  1.37   86993   10234  321007  4131252  47.49
1875-1879      5-9      0.00816  0.03986  2.14   76759    3059  375041  3810245  49.64
1875-1879     10-14     0.00502  0.02480  2.52   73700    1827  363962  3435204  46.61
1875-1879     15-19     0.00708  0.03483  2.63   71872    2503  353420  3071243  42.73
1875-1879     20-24     0.00882  0.04314  2.52   69369    2992  339437  2717823  39.18
1875-1879     25-29     0.00924  0.04515  2.50   66376    2997  324377  2378386  35.83
1875-1879     30-34     0.01019  0.04969  2.54   63380    3149  309157  2054009  32.41
1875-1879     35-39     0.01203  0.05843  2.54   60230    3519  292504  1744853  28.97
1875-1879     40-44     0.01459  0.07041  2.55   56711    3993  273758  1452349  25.61
1875-1879     45-49     0.01724  0.08271  2.55   52718    4360  252918  1178590  22.36
1875-1879     50-54     0.02300  0.10889  2.55   48358    5266  228903   925672  19.14
1875-1879     55-59     0.02768  0.12963  2.56   43092    5586  201827   696769  16.17
1875-1879     60-64     0.04274  0.19360  2.57   37506    7261  169900   494942  13.20
1875-1879     65-69     0.05464  0.24025  2.49   30245    7266  132994   325042  10.75
1875-1879     70-74     0.08320  0.34515  2.53   22978    7931   95321   192048   8.36
1875-1879     75-79     0.12324  0.46567  2.38   15047    7007   56860    96727   6.43
1875-1879     80-84     0.17248  0.58844  2.30    8040    4731   27430    39867   4.96
1875-1879     85-89     0.24689  0.72310  2.14    3309    2393    9692    12437   3.76
1875-1879     90-94     0.31641  0.80573  1.95     916     738    2333     2746   3.00
1875-1879     95-99     0.42231  0.89292  1.77     178     159     376      412   2.32
1875-1879    100-104    0.52558  0.93944  1.58      19      18      34       36   1.88
1875-1879    105-109    0.62720  0.96558  1.42       1       1       2        2   1.59
1875-1879    110+       0.70618  1.00000  1.42       0       0       0        0   1.42
1880-1884        0      0.14250  0.13008  0.33  100000   13008   91285  4344417  43.44
1880-1884      1-4      0.02957  0.10963  1.34   86992    9537  322572  4253132  48.89
1880-1884      5-9      0.00738  0.03615  2.17   77455    2800  379349  3930560  50.75
1880-1884     10-14     0.00433  0.02140  2.50   74655    1598  369284  3551211  47.57
1880-1884     15-19     0.00664  0.03271  2.65   73057    2390  359674  3181927  43.55
1880-1884     20-24     0.00813  0.03984  2.51   70667    2815  346330  2822253  39.94
1880-1884     25-29     0.00838  0.04103  2.50   67852    2784  332311  2475923  36.49
1880-1884     30-34     0.00924  0.04517  2.55   65068    2939  318131  2143612  32.94
1880-1884     35-39     0.01129  0.05496  2.57   62129    3414  302339  1825481  29.38
1880-1884     40-44     0.01384  0.06691  2.55   58715    3929  283936  1523142  25.94
1880-1884     45-49     0.01746  0.08375  2.58   54786    4588  262820  1239206  22.62
1880-1884     50-54     0.02230  0.10570  2.53   50198    5306  237887   976386  19.45
1880-1884     55-59     0.02854  0.13351  2.59   44892    5993  209997   738499  16.45
1880-1884     60-64     0.04052  0.18417  2.53   38898    7164  176785   528501  13.59
1880-1884     65-69     0.05335  0.23575  2.54   31734    7481  140238   351716  11.08
1880-1884     70-74     0.07854  0.32790  2.48   24253    7953  101254   211478   8.72
1880-1884     75-79     0.11127  0.43325  2.45   16300    7062   63470   110225   6.76
1880-1884     80-84     0.16895  0.58383  2.35    9238    5394   31924    46755   5.06
1880-1884     85-89     0.24116  0.70993  2.10    3845    2729   11318    14831   3.86
1880-1884     90-94     0.29893  0.78921  2.01    1115     880    2944     3513   3.15
1880-1884     95-99     0.40307  0.88054  1.80     235     207     514      569   2.42
1880-1884    100-104    0.50131  0.93039  1.62      28      26      52       55   1.97
1880-1884    105-109    0.59983  0.95969  1.46       2       2       3        3   1.66
1880-1884    110+       0.67753  1.00000  1.48       0       0       0        0   1.48
1885-1889        0      0.13983  0.12785  0.33  100000   12785   91434  4519651  45.20
1885-1889      1-4      0.02615  0.09770  1.31   87215    8521  325907  4428217  50.77
1885-1889      5-9      0.00602  0.02961  2.16   78694    2331  386842  4102309  52.13
1885-1889     10-14     0.00393  0.01947  2.55   76364    1487  378172  3715467  48.65
1885-1889     15-19     0.00594  0.02931  2.65   74877    2194  369227  3337295  44.57
1885-1889     20-24     0.00745  0.03657  2.52   72683    2658  356815  2968068  40.84
1885-1889     25-29     0.00745  0.03659  2.49   70024    2562  343686  2611253  37.29
1885-1889     30-34     0.00828  0.04059  2.55   67463    2738  330603  2267568  33.61
1885-1889     35-39     0.01015  0.04955  2.57   64724    3207  315839  1936964  29.93
1885-1889     40-44     0.01301  0.06303  2.57   61517    3878  298151  1621126  26.35
1885-1889     45-49     0.01593  0.07668  2.56   57640    4420  277418  1322975  22.95
1885-1889     50-54     0.02148  0.10208  2.57   53220    5433  252896  1045557  19.65
1885-1889     55-59     0.02661  0.12494  2.56   47787    5971  224358   792661  16.59
1885-1889     60-64     0.04036  0.18386  2.58   41816    7688  190475   568304  13.59
1885-1889     65-69     0.05337  0.23550  2.50   34128    8037  150578   377828  11.07
1885-1889     70-74     0.07801  0.32659  2.51   26091    8521  109237   227251   8.71
1885-1889     75-79     0.11296  0.43722  2.42   17570    7682   68008   118014   6.72
1885-1889     80-84     0.17002  0.58324  2.31    9888    5767   33920    50006   5.06
1885-1889     85-89     0.23578  0.70556  2.15    4121    2908   12331    16086   3.90
1885-1889     90-94     0.30687  0.79384  1.96    1213     963    3139     3755   3.09
1885-1889     95-99     0.39597  0.87549  1.81     250     219     553      616   2.46
1885-1889    100-104    0.49082  0.92599  1.64      31      29      59       63   2.01
1885-1889    105-109    0.58665  0.95646  1.48       2       2       4        4   1.70
1885-1889    110+       0.66270  1.00000  1.51       0       0       0        0   1.51
1890-1894        0      0.15193  0.13789  0.33  100000   13789   90761  4427000  44.27
1890-1894      1-4      0.02707  0.10083  1.27   86211    8692  321154  4336239  50.30
1890-1894      5-9      0.00553  0.02721  2.11   77518    2109  381489  4015085  51.80
1890-1894     10-14     0.00340  0.01686  2.58   75409    1271  373969  3633595  48.18
1890-1894     15-19     0.00558  0.02752  2.67   74138    2041  365928  3259627  43.97
1890-1894     20-24     0.00719  0.03532  2.53   72097    2547  354206  2893698  40.14
1890-1894     25-29     0.00751  0.03685  2.51   69551    2563  341358  2539492  36.51
1890-1894     30-34     0.00843  0.04131  2.56   66988    2767  328190  2198134  32.81
1890-1894     35-39     0.01071  0.05219  2.57   64220    3351  312958  1869944  29.12
1890-1894     40-44     0.01308  0.06339  2.56   60869    3859  294923  1556986  25.58
1890-1894     45-49     0.01710  0.08211  2.60   57010    4681  273793  1262063  22.14
1890-1894     50-54     0.02297  0.10874  2.55   52329    5690  247707   988270  18.89
1890-1894     55-59     0.03018  0.14063  2.58   46639    6559  217342   740562  15.88
1890-1894     60-64     0.04256  0.19252  2.52   40080    7716  181295   523221  13.05
1890-1894     65-69     0.05711  0.25034  2.54   32364    8102  141856   341925  10.57
1890-1894     70-74     0.08543  0.35141  2.48   24262    8526   99795   200069   8.25
1890-1894     75-79     0.12106  0.46074  2.41   15736    7250   59890   100274   6.37
1890-1894     80-84     0.18533  0.61665  2.29    8486    5233   28235    40384   4.76
1890-1894     85-89     0.24748  0.71839  2.08    3253    2337    9443    12149   3.73
1890-1894     90-94     0.32286  0.82258  2.02     916     754    2334     2706   2.95
1890-1894     95-99     0.42781  0.89571  1.76     163     146     340      372   2.29
1890-1894    100-104    0.52713  0.93967  1.58      17      16      30       32   1.88
1890-1894    105-109    0.62477  0.96493  1.42       1       1       2        2   1.59
1890-1894    110+       0.70089  1.00000  1.43       0       0       0        0   1.43
1895-1899        0      0.15715  0.14218  0.33  100000   14218   90474  4524038  45.24
1895-1899      1-4      0.02453  0.09190  1.23   85782    7883  321312  4433564  51.68
1895-1899      5-9      0.00470  0.02320  2.13   77899    1807  384305  4112251  52.79
1895-1899     10-14     0.00308  0.01529  2.59   76092    1164  377650  3727946  48.99
1895-1899     15-19     0.00502  0.02482  2.67   74928    1860  370299  3350296  44.71
1895-1899     20-24     0.00655  0.03223  2.54   73068    2355  359541  2979997  40.78
1895-1899     25-29     0.00703  0.03454  2.52   70713    2442  347496  2620456  37.06
1895-1899     30-34     0.00818  0.04011  2.57   68271    2739  334706  2272960  33.29
1895-1899     35-39     0.01017  0.04963  2.55   65532    3252  319690  1938254  29.58
1895-1899     40-44     0.01213  0.05891  2.57   62280    3669  302479  1618564  25.99
1895-1899     45-49     0.01618  0.07786  2.59   58611    4564  282058  1316085  22.45
1895-1899     50-54     0.02228  0.10570  2.58   54048    5713  256411  1034027  19.13
1895-1899     55-59     0.02916  0.13616  2.57   48335    6581  225651   777616  16.09
1895-1899     60-64     0.04336  0.19605  2.56   41754    8186  188786   551965  13.22
1895-1899     65-69     0.05529  0.24278  2.49   33568    8150  147388   363179  10.82
1895-1899     70-74     0.08087  0.33652  2.51   25418    8554  105773   215791   8.49
1895-1899     75-79     0.11700  0.44877  2.41   16865    7568   64688   110018   6.52
1895-1899     80-84     0.17503  0.59469  2.31    9296    5528   31585    45330   4.88
1895-1899     85-89     0.25426  0.73406  2.12    3768    2766   10878    13745   3.65
1895-1899     90-94     0.33251  0.82051  1.91    1002     822    2473     2868   2.86
1895-1899     95-99     0.44668  0.90699  1.73     180     163     365      395   2.20
1895-1899    100-104    0.55715  0.94958  1.53      17      16      29       30   1.78
1895-1899    105-109    0.66290  0.97204  1.36       1       1       1        1   1.50
1895-1899    110+       0.74313  1.00000  1.35       0       0       0        0   1.35
1900-1904        0      0.14955  0.13593  0.33  100000   13593   90893  4621106  46.21
1900-1904      1-4      0.02187  0.08249  1.23   86407    7128  325858  4530213  52.43
1900-1904      5-9      0.00418  0.02065  2.10   79279    1637  391654  4204354  53.03
1900-1904     10-14     0.00284  0.01410  2.61   77642    1095  385601  3812701  49.11
1900-1904     15-19     0.00463  0.02291  2.65   76548    1754  378621  3427100  44.77
1900-1904     20-24     0.00595  0.02933  2.56   74794    2194  368612  3048479  40.76
1900-1904     25-29     0.00678  0.03334  2.53   72600    2421  357031  2679867  36.91
1900-1904     30-34     0.00773  0.03792  2.56   70180    2661  344413  2322836  33.10
1900-1904     35-39     0.00984  0.04807  2.59   67519    3246  329762  1978424  29.30
1900-1904     40-44     0.01257  0.06097  2.56   64273    3919  311797  1648662  25.65
1900-1904     45-49     0.01597  0.07692  2.60   60354    4642  290611  1336864  22.15
1900-1904     50-54     0.02248  0.10661  2.58   55712    5939  264169  1046254  18.78
1900-1904     55-59     0.03051  0.14212  2.59   49772    7074  231823   782085  15.71
1900-1904     60-64     0.04440  0.20006  2.53   42698    8542  192403   550262  12.89
1900-1904     65-69     0.05902  0.25736  2.52   34156    8790  148938   357859  10.48
1900-1904     70-74     0.08477  0.34914  2.48   25366    8856  104470   208921   8.24
1900-1904     75-79     0.12210  0.46332  2.40   16510    7649   62647   104450   6.33
1900-1904     80-84     0.18153  0.60820  2.29    8860    5389   29686    41804   4.72
1900-1904     85-89     0.26270  0.74938  2.13    3471    2601    9903    12118   3.49
1900-1904     90-94     0.38173  0.86323  1.83     870     751    1967     2215   2.55
1900-1904     95-99     0.47313  0.92010  1.68     119     109     231      247   2.08
1900-1904    100-104    0.58864  0.95796  1.48      10       9      15       16   1.69
1900-1904    105-109    0.69592  0.97691  1.32       0       0       1        1   1.43
1900-1904    110+       0.77520  1.00000  1.29       0       0       0        0   1.29
1905-1909        0      0.13544  0.12417  0.33  100000   12417   91681  4833161  48.33
1905-1909      1-4      0.02040  0.07724  1.24   87583    6765  331693  4741481  54.14
1905-1909      5-9      0.00403  0.01992  2.16   80818    1610  399521  4409788  54.56
1905-1909     10-14     0.00261  0.01298  2.56   79208    1028  393533  4010267  50.63
1905-1909     15-19     0.00416  0.02058  2.67   78180    1609  387148  3616734  46.26
1905-1909     20-24     0.00527  0.02602  2.53   76572    1992  377935  3229586  42.18
1905-1909     25-29     0.00566  0.02792  2.53   74580    2082  367757  2851651  38.24
1905-1909     30-34     0.00671  0.03303  2.57   72498    2395  356671  2483894  34.26
1905-1909     35-39     0.00853  0.04177  2.58   70103    2928  343420  2127223  30.34
1905-1909     40-44     0.01070  0.05213  2.58   67174    3502  327396  1783803  26.55
1905-1909     45-49     0.01427  0.06900  2.60   63673    4393  307820  1456407  22.87
1905-1909     50-54     0.02022  0.09644  2.60   59279    5717  282667  1148587  19.38
1905-1909     55-59     0.02851  0.13340  2.59   53563    7145  250616   865920  16.17
1905-1909     60-64     0.04212  0.19091  2.55   46417    8862  210389   615304  13.26
1905-1909     65-69     0.05529  0.24299  2.51   37556    9125  165047   404916  10.78
1905-1909     70-74     0.08351  0.34553  2.50   28430    9823  117629   239869   8.44
1905-1909     75-79     0.11550  0.44381  2.39   18607    8258   71499   122239   6.57
1905-1909     80-84     0.17154  0.58826  2.33   10349    6088   35489    50740   4.90
1905-1909     85-89     0.25784  0.74036  2.12    4261    3155   12235    15251   3.58
1905-1909     90-94     0.35003  0.84251  1.92    1106     932    2663     3016   2.73
1905-1909     95-99     0.48538  0.92616  1.66     174     161     332      353   2.03
1905-1909    100-104    0.61019  0.96318  1.45      13      12      20       21   1.63
1905-1909    105-109    0.72306  0.98040  1.28       0       0       1        1   1.38
1905-1909    110+       0.80386  1.00000  1.24       0       0       0        0   1.24
1910-1914        0      0.13260  0.12178  0.33  100000   12178   91841  4987775  49.88
1910-1914      1-4      0.01839  0.07001  1.23   87822    6148  334274  4895934  55.75
1910-1914      5-9      0.00372  0.01840  2.17   81674    1503  404119  4561660  55.85
1910-1914     10-14     0.00245  0.01216  2.56   80171     975  398477  4157542  51.86
1910-1914     15-19     0.00363  0.01801  2.63   79196    1426  392592  3759064  47.47
1910-1914     20-24     0.00448  0.02215  2.56   77769    1723  384639  3366472  43.29
1910-1914     25-29     0.00525  0.02591  2.54   76047    1971  375383  2981833  39.21
1910-1914     30-34     0.00601  0.02964  2.57   74076    2195  365042  2606450  35.19
1910-1914     35-39     0.00758  0.03723  2.57   71881    2676  352903  2241408  31.18
1910-1914     40-44     0.00947  0.04631  2.59   69205    3205  338290  1888505  27.29
1910-1914     45-49     0.01305  0.06326  2.62   66000    4175  320054  1550215  23.49
1910-1914     50-54     0.01843  0.08824  2.59   61825    5456  295968  1230161  19.90
1910-1914     55-59     0.02575  0.12128  2.60   56369    6836  265452   934193  16.57
1910-1914     60-64     0.03783  0.17314  2.55   49532    8576  226693   668741  13.50
1910-1914     65-69     0.05256  0.23309  2.57   40957    9547  181630   442048  10.79
1910-1914     70-74     0.08645  0.35529  2.49   31410   11160  129094   260418   8.29
1910-1914     75-79     0.12068  0.45877  2.39   20250    9290   76985   131324   6.49
1910-1914     80-84     0.17316  0.58965  2.30   10960    6463   37322    54339   4.96
1910-1914     85-89     0.24038  0.71355  2.15    4497    3209   13350    17017   3.78
1910-1914     90-94     0.33710  0.82881  1.93    1288    1068    3167     3667   2.85
1910-1914     95-99     0.43275  0.89927  1.75     221     198     458      499   2.26
1910-1914    100-104    0.54015  0.94439  1.56      22      21      39       41   1.83
1910-1914    105-109    0.64452  0.96890  1.39       1       1       2        2   1.55
1910-1914    110+       0.72473  1.00000  1.38       0       0       0        0   1.38
1915-1919        0      0.12694  0.11699  0.33  100000   11699   92162  4897498  48.97
1915-1919      1-4      0.02028  0.07690  1.29   88301    6791  334773  4805336  54.42
1915-1919      5-9      0.00399  0.01971  2.13   81511    1607  402950  4470563  54.85
1915-1919     10-14     0.00260  0.01293  2.61   79904    1033  397050  4067613  50.91
1915-1919     15-19     0.00457  0.02264  2.72   78871    1785  390286  3670563  46.54
1915-1919     20-24     0.00544  0.02686  2.51   77086    2070  380275  3280277  42.55
1915-1919     25-29     0.00660  0.03246  2.56   75016    2435  369145  2900003  38.66
1915-1919     30-34     0.00722  0.03546  2.50   72581    2574  356474  2530857  34.87
1915-1919     35-39     0.00782  0.03835  2.54   70007    2685  343428  2174383  31.06
1915-1919     40-44     0.00942  0.04605  2.57   67322    3100  329090  1830955  27.20
1915-1919     45-49     0.01261  0.06121  2.61   64222    3931  311703  1501865  23.39
1915-1919     50-54     0.01787  0.08571  2.61   60291    5168  289106  1190162  19.74
1915-1919     55-59     0.02563  0.12069  2.59   55123    6653  259589   901056  16.35
1915-1919     60-64     0.03746  0.17178  2.59   48470    8326  222249   641467  13.23
1915-1919     65-69     0.05654  0.24835  2.55   40144    9970  176335   419218  10.44
1915-1919     70-74     0.08681  0.35683  2.51   30174   10767  124035   242883   8.05
1915-1919     75-79     0.13184  0.48980  2.38   19407    9506   72098   118848   6.12
1915-1919     80-84     0.18110  0.60686  2.28    9902    6009   33181    46750   4.72
1915-1919     85-89     0.26781  0.75454  2.11    3893    2937   10967    13568   3.49
1915-1919     90-94     0.35157  0.84059  1.90     955     803    2285     2601   2.72
1915-1919     95-99     0.47349  0.92026  1.68     152     140     296      317   2.08
1915-1919    100-104    0.58903  0.95806  1.48      12      12      20       20   1.69
1915-1919    105-109    0.69630  0.97696  1.32       1       0       1        1   1.43
1915-1919    110+       0.77555  1.00000  1.29       0       0       0        0   1.29
1920-1924        0      0.11211  0.10428  0.33  100000   10428   93013  5337657  53.38
1920-1924      1-4      0.01484  0.05699  1.22   89572    5104  344076  5244644  58.55
1920-1924      5-9      0.00291  0.01444  2.22   84468    1220  418946  4900568  58.02
1920-1924     10-14     0.00194  0.00968  2.56   83248     806  414274  4481621  53.83
1920-1924     15-19     0.00300  0.01489  2.63   82442    1227  409301  4067347  49.34
1920-1924     20-24     0.00375  0.01857  2.57   81215    1508  402415  3658046  45.04
1920-1924     25-29     0.00435  0.02153  2.55   79706    1716  394328  3255631  40.85
1920-1924     30-34     0.00513  0.02534  2.56   77990    1976  385134  2861303  36.69
1920-1924     35-39     0.00633  0.03118  2.56   76014    2370  374297  2476169  32.58
1920-1924     40-44     0.00765  0.03753  2.58   73644    2764  361539  2101872  28.54
1920-1924     45-49     0.01040  0.05074  2.61   70880    3596  345795  1740334  24.55
1920-1924     50-54     0.01480  0.07151  2.63   67284    4811  325008  1394539  20.73
1920-1924     55-59     0.02197  0.10441  2.63   62473    6523  296876  1069531  17.12
1920-1924     60-64     0.03425  0.15826  2.61   55950    8855  258562   772655  13.81
1920-1924     65-69     0.05042  0.22435  2.55   47095   10566  209548   514093  10.92
1920-1924     70-74     0.08070  0.33713  2.56   36529   12315  152600   304545   8.34
1920-1924     75-79     0.12572  0.47295  2.38   24214   11452   91095   151945   6.28
1920-1924     80-84     0.17960  0.60314  2.28   12762    7697   42859    60850   4.77
1920-1924     85-89     0.25764  0.74224  2.15    5065    3759   14591    17991   3.55
1920-1924     90-94     0.37120  0.85584  1.85    1305    1117    3010     3400   2.60
1920-1924     95-99     0.47485  0.92103  1.68     188     173     365      390   2.07
1920-1924    100-104    0.59228  0.95891  1.47      15      14      24       25   1.68
1920-1924    105-109    0.70086  0.97759  1.31       1       1       1        1   1.42
1920-1924    110+       0.78065  1.00000  1.28       0       0       0        0   1.28
1925-1929        0      0.10332  0.09656  0.32  100000    9656   93456  5471951  54.72
1925-1929      1-4      0.01243  0.04807  1.22   90344    4343  349315  5378495  59.53
1925-1929      5-9      0.00270  0.01339  2.26   86001    1152  426845  5029179  58.48
1925-1929     10-14     0.00189  0.00941  2.53   84849     798  422272  4602334  54.24
1925-1929     15-19     0.00282  0.01403  2.63   84051    1179  417463  4180062  49.73
1925-1929     20-24     0.00340  0.01685  2.55   82872    1397  410945  3762600  45.40
1925-1929     25-29     0.00397  0.01966  2.56   81476    1602  403470  3351655  41.14
1925-1929     30-34     0.00468  0.02314  2.56   79874    1848  394861  2948185  36.91
1925-1929     35-39     0.00620  0.03057  2.62   78025    2385  384445  2553324  32.72
1925-1929     40-44     0.00793  0.03891  2.55   75640    2943  371002  2168879  28.67
1925-1929     45-49     0.00995  0.04857  2.60   72697    3531  355026  1797877  24.73
1925-1929     50-54     0.01387  0.06715  2.61   69166    4644  334738  1442851  20.86
1925-1929     55-59     0.02119  0.10090  2.65   64522    6510  307287  1108113  17.17
1925-1929     60-64     0.03270  0.15159  2.60   58012    8794  268940   800826  13.80
1925-1929     65-69     0.05005  0.22317  2.58   49218   10984  219455   531886  10.81
1925-1929     70-74     0.08237  0.34312  2.57   38234   13119  159268   312431   8.17
1925-1929     75-79     0.13141  0.48672  2.34   25115   12224   93023   153163   6.10
1925-1929     80-84     0.18215  0.60989  2.29   12891    7862   43162    60140   4.67
1925-1929     85-89     0.27633  0.76809  2.11    5029    3863   13978    16978   3.38
1925-1929     90-94     0.37403  0.85688  1.84    1166     999    2672     2999   2.57
1925-1929     95-99     0.50256  0.93283  1.63     167     156     310      328   1.96
1925-1929    100-104    0.62576  0.96621  1.42      11      11      17       18   1.59
1925-1929    105-109    0.73554  0.98170  1.27       0       0       1        1   1.36
1925-1929    110+       0.81340  1.00000  1.23       0       0       0        0   1.23
1930-1934        0      0.09720  0.09106  0.31  100000    9106   93680  5628220  56.28
1930-1934      1-4      0.00997  0.03884  1.29   90894    3530  353994  5534540  60.89
1930-1934      5-9      0.00267  0.01325  2.24   87364    1157  433629  5180547  59.30
1930-1934     10-14     0.00168  0.00837  2.57   86207     721  429279  4746918  55.06
1930-1934     15-19     0.00261  0.01295  2.62   85486    1107  424795  4317639  50.51
1930-1934     20-24     0.00328  0.01626  2.55   84379    1372  418535  3892843  46.14
1930-1934     25-29     0.00358  0.01775  2.52   83007    1474  411377  3474309  41.86
1930-1934     30-34     0.00420  0.02078  2.61   81533    1694  403615  3062931  37.57
1930-1934     35-39     0.00562  0.02771  2.58   79839    2213  393838  2659317  33.31
1930-1934     40-44     0.00733  0.03603  2.62   77626    2797  381478  2265478  29.18
1930-1934     45-49     0.01020  0.04975  2.59   74829    3723  365161  1884000  25.18
1930-1934     50-54     0.01329  0.06441  2.61   71106    4580  344603  1518839  21.36
1930-1934     55-59     0.01978  0.09447  2.62   66526    6285  317652  1174236  17.65
1930-1934     60-64     0.03043  0.14191  2.63   60242    8549  280925   856584  14.22
1930-1934     65-69     0.04854  0.21741  2.60   51693   11238  231538   575658  11.14
1930-1934     70-74     0.07658  0.32113  2.49   40455   12991  169648   344121   8.51
1930-1934     75-79     0.12287  0.46891  2.48   27463   12878  104804   174473   6.35
1930-1934     80-84     0.17843  0.60082  2.28   14586    8763   49114    69669   4.78
1930-1934     85-89     0.25942  0.74444  2.14    5822    4334   16708    20555   3.53
1930-1934     90-94     0.37411  0.86001  1.86    1488    1280    3420     3848   2.59
1930-1934     95-99     0.47970  0.92329  1.67     208     192     401      427   2.05
1930-1934    100-104    0.59897  0.96051  1.46      16      15      26       27   1.66
1930-1934    105-109    0.70843  0.97858  1.30       1       1       1        1   1.41
1930-1934    110+       0.78825  1.00000  1.27       0       0       0        0   1.27
1935-1939        0      0.08938  0.08401  0.28  100000    8401   93992  5774713  57.75
1935-1939      1-4      0.00681  0.02678  1.35   91599    2453  359905  5680721  62.02
1935-1939      5-9      0.00216  0.01072  2.22   89146     956  443077  5320816  59.69
1935-1939     10-14     0.00151  0.00752  2.56   88191     663  439334  4877739  55.31
1935-1939     15-19     0.00243  0.01209  2.71   87528    1059  435218  4438405  50.71
1935-1939     20-24     0.00302  0.01499  2.48   86469    1296  429073  4003187  46.30
1935-1939     25-29     0.00316  0.01567  2.54   85173    1335  422586  3574113  41.96
1935-1939     30-34     0.00381  0.01889  2.59   83838    1584  415371  3151528  37.59
1935-1939     35-39     0.00514  0.02541  2.62   82254    2090  406300  2736156  33.26
1935-1939     40-44     0.00690  0.03393  2.61   80164    2720  394313  2329857  29.06
1935-1939     45-49     0.01009  0.04930  2.64   77444    3818  378206  1935544  24.99
1935-1939     50-54     0.01437  0.06946  2.60   73626    5114  355858  1557338  21.15
1935-1939     55-59     0.02014  0.09606  2.61   68512    6581  326824  1201480  17.54
1935-1939     60-64     0.02996  0.13979  2.61   61931    8657  288957   874657  14.12
1935-1939     65-69     0.04873  0.21820  2.60   53274   11624  238526   585699  10.99
1935-1939     70-74     0.07835  0.32829  2.53   41649   13673  174521   347173   8.34
1935-1939     75-79     0.12907  0.48738  2.49   27976   13635  105641   172652   6.17
1935-1939     80-84     0.18223  0.61057  2.30   14341    8756   48050    67011   4.67
1935-1939     85-89     0.27340  0.76292  2.10    5585    4261   15585    18961   3.39
1935-1939     90-94     0.37828  0.86233  1.85    1324    1142    3018     3376   2.55
1935-1939     95-99     0.50287  0.93297  1.63     182     170     338      358   1.96
1935-1939    100-104    0.62639  0.96634  1.42      12      12      19       19   1.59
1935-1939    105-109    0.73635  0.98179  1.27       0       0       1        1   1.36
1935-1939    110+       0.81426  1.00000  1.23       0       0       0        0   1.23
1940-1944        0      0.08707  0.08192  0.28  100000    8192   94091  5570421  55.70
1940-1944      1-4      0.00528  0.02085  1.54   91808    1914  362520  5476330  59.65
1940-1944      5-9      0.00203  0.01011  2.18   89893     909  446904  5113810  56.89
1940-1944     10-14     0.00147  0.00732  2.66   88984     651  443398  4666906  52.45
1940-1944     15-19     0.00336  0.01667  2.93   88333    1473  438619  4223508  47.81
1940-1944     20-24     0.01071  0.05227  2.68   86861    4540  423771  3784889  43.57
1940-1944     25-29     0.00699  0.03426  2.21   82320    2820  403736  3361118  40.83
1940-1944     30-34     0.00547  0.02698  2.52   79500    2145  392174  2957382  37.20
1940-1944     35-39     0.00619  0.03046  2.53   77355    2357  380953  2565208  33.16
1940-1944     40-44     0.00754  0.03702  2.61   74999    2776  368354  2184255  29.12
1940-1944     45-49     0.01031  0.05031  2.61   72222    3633  352410  1815901  25.14
1940-1944     50-54     0.01483  0.07161  2.63   68589    4912  331296  1463491  21.34
1940-1944     55-59     0.02136  0.10156  2.58   63677    6467  302745  1132195  17.78
1940-1944     60-64     0.02982  0.13916  2.61   57210    7962  267031   829450  14.50
1940-1944     65-69     0.04627  0.20791  2.56   49249   10240  221310   562419  11.42
1940-1944     70-74     0.07161  0.30463  2.55   39009   11883  165952   341109   8.74
1940-1944     75-79     0.11593  0.44810  2.47   27126   12155  104847   175157   6.46
1940-1944     80-84     0.18085  0.60759  2.30   14971    9096   50296    70310   4.70
1940-1944     85-89     0.26974  0.75913  2.12    5875    4460   16533    20013   3.41
1940-1944     90-94     0.39402  0.87246  1.81    1415    1235    3133     3480   2.46
1940-1944     95-99     0.51348  0.93716  1.61     180     169     329      347   1.92
1940-1944    100-104    0.64071  0.96911  1.40      11      11      17       18   1.55
1940-1944    105-109    0.75188  0.98339  1.25       0       0       0        0   1.33
1940-1944    110+       0.82907  1.00000  1.21       0       0       0        0   1.21
1945-1949        0      0.06060  0.05782  0.21  100000    5782   95418  6189142  61.89
1945-1949      1-4      0.00295  0.01172  1.60   94218    1104  374224  6093724  64.68
1945-1949      5-9      0.00129  0.00644  2.24   93114     600  463917  5719499  61.42
1945-1949     10-14     0.00101  0.00502  2.62   92514     464  461467  5255583  56.81
1945-1949     15-19     0.00195  0.00970  2.87   92050     893  458344  4794115  52.08
1945-1949     20-24     0.00315  0.01561  2.50   91157    1423  452234  4335771  47.56
1945-1949     25-29     0.00290  0.01442  2.52   89734    1294  445458  3883537  43.28
1945-1949     30-34     0.00313  0.01551  2.51   88440    1372  438783  3438079  38.87
1945-1949     35-39     0.00390  0.01934  2.63   87069    1684  431345  2999296  34.45
1945-1949     40-44     0.00555  0.02739  2.64   85384    2338  421413  2567951  30.08
1945-1949     45-49     0.00865  0.04241  2.67   83046    3522  407039  2146538  25.85
1945-1949     50-54     0.01350  0.06540  2.64   79524    5201  385347  1739499  21.87
1945-1949     55-59     0.02060  0.09820  2.62   74324    7298  354247  1354152  18.22
1945-1949     60-64     0.02901  0.13555  2.58   67025    9085  313168   999905  14.92
1945-1949     65-69     0.04367  0.19750  2.58   57940   11443  262053   686737  11.85
1945-1949     70-74     0.06649  0.28576  2.54   46497   13287  199819   424684   9.13
1945-1949     75-79     0.10707  0.42116  2.47   33210   13987  130635   224865   6.77
1945-1949     80-84     0.17201  0.58986  2.34   19223   11339   65923    94231   4.90
1945-1949     85-89     0.25596  0.73669  2.12    7884    5808   22692    28308   3.59
1945-1949     90-94     0.35321  0.84453  1.91    2076    1753    4964     5616   2.71
1945-1949     95-99     0.48732  0.92700  1.66     323     299     614      652   2.02
1945-1949    100-104    0.61265  0.96371  1.44      24      23      37       38   1.62
1945-1949    105-109    0.72567  0.98069  1.28       1       1       1        1   1.38
1945-1949    110+       0.80633  1.00000  1.24       0       0       0        0   1.24
1950-1954        0      0.04040  0.03906  0.15  100000    3906   96693  6487357  64.87
1950-1954      1-4      0.00170  0.00679  1.61   96094     653  382818  6390664  66.50
1950-1954      5-9      0.00078  0.00387  2.24   95441     370  476185  6007846  62.95
1950-1954     10-14     0.00052  0.00262  2.63   95072     249  474768  5531661  58.18
1950-1954     15-19     0.00115  0.00571  2.85   94823     542  472953  5056892  53.33
1950-1954     20-24     0.00145  0.00724  2.53   94281     682  469721  4583939  48.62
1950-1954     25-29     0.00170  0.00847  2.55   93599     793  466054  4114218  43.96
1950-1954     30-34     0.00206  0.01026  2.64   92806     953  461782  3648164  39.31
1950-1954     35-39     0.00273  0.01355  2.59   91854    1244  456268  3186382  34.69
1950-1954     40-44     0.00415  0.02058  2.71   90609    1865  448769  2730114  30.13
1950-1954     45-49     0.00728  0.03582  2.71   88745    3179  436445  2281344  25.71
1950-1954     50-54     0.01280  0.06219  2.70   85566    5321  415590  1844899  21.56
1950-1954     55-59     0.02075  0.09887  2.62   80245    7933  382379  1429309  17.81
1950-1954     60-64     0.03174  0.14746  2.60   72311   10663  335977  1046930  14.48
1950-1954     65-69     0.04645  0.20863  2.56   61648   12861  276917   710953  11.53
1950-1954     70-74     0.07001  0.29852  2.53   48787   14564  208008   434037   8.90
1950-1954     75-79     0.11206  0.43649  2.47   34223   14938  133300   226029   6.60
1950-1954     80-84     0.17463  0.59510  2.32   19285   11477   65721    92729   4.81
1950-1954     85-89     0.26427  0.75158  2.13    7808    5869   22207    27008   3.46
1950-1954     90-94     0.39114  0.87231  1.82    1940    1692    4326     4801   2.48
1950-1954     95-99     0.51484  0.93792  1.61     248     232     451      475   1.92
1950-1954    100-104    0.64573  0.97011  1.39      15      15      23       24   1.54
1950-1954    105-109    0.75907  0.98412  1.24       0       0       1        1   1.32
1950-1954    110+       0.83677  1.00000  1.20       0       0       0        0   1.20
1955-1959        0      0.03388  0.03292  0.14  100000    3292   97156  6593010  65.93
1955-1959      1-4      0.00122  0.00487  1.64   96708     471  385720  6495855  67.17
1955-1959      5-9      0.00056  0.00277  2.31   96238     267  480470  6110134  63.49
1955-1959     10-14     0.00050  0.00249  2.66   95971     239  479296  5629664  58.66
1955-1959     15-19     0.00090  0.00448  2.76   95732     429  477700  5150368  53.80
1955-1959     20-24     0.00113  0.00564  2.49   95303     538  475166  4672667  49.03
1955-1959     25-29     0.00130  0.00648  2.60   94765     615  472355  4197501  44.29
1955-1959     30-34     0.00170  0.00847  2.59   94151     797  468836  3725146  39.57
1955-1959     35-39     0.00246  0.01221  2.72   93354    1140  464166  3256310  34.88
1955-1959     40-44     0.00391  0.01935  2.66   92214    1785  456890  2792145  30.28
1955-1959     45-49     0.00674  0.03321  2.73   90430    3003  445318  2335254  25.82
1955-1959     50-54     0.01200  0.05836  2.69   87426    5102  425343  1889936  21.62
1955-1959     55-59     0.02036  0.09721  2.67   82324    8003  392983  1464593  17.79
1955-1959     60-64     0.03197  0.14842  2.60   74321   11031  345086  1071611  14.42
1955-1959     65-69     0.04875  0.21788  2.57   63290   13790  282892   726524  11.48
1955-1959     70-74     0.07171  0.30438  2.52   49500   15067  210101   443633   8.96
1955-1959     75-79     0.10805  0.42344  2.45   34434   14581  134949   233531   6.78
1955-1959     80-84     0.16780  0.58087  2.35   19853   11532   68726    98582   4.97
1955-1959     85-89     0.25492  0.73721  2.14    8321    6134   24064    29856   3.59
1955-1959     90-94     0.36126  0.84731  1.87    2187    1853    5129     5793   2.65
1955-1959     95-99     0.49543  0.93062  1.65     334     311     627      664   1.99
1955-1959    100-104    0.62522  0.96638  1.43      23      22      36       37   1.59
1955-1959    105-109    0.74033  0.98232  1.26       1       1       1        1   1.35
1955-1959    110+       0.82090  1.00000  1.22       0       0       0        0   1.22
1960-1964        0      0.03037  0.02958  0.13  100000    2958   97416  6623038  66.23
1960-1964      1-4      0.00111  0.00445  1.59   97042     431  387128  6525622  67.25
1960-1964      5-9      0.00056  0.00278  2.38   96610     269  482346  6138494  63.54
1960-1964     10-14     0.00045  0.00227  2.57   96342     219  481175  5656147  58.71
1960-1964     15-19     0.00081  0.00403  2.76   96123     387  479745  5174972  53.84
1960-1964     20-24     0.00112  0.00558  2.52   95735     534  477351  4695227  49.04
1960-1964     25-29     0.00120  0.00601  2.50   95202     572  474578  4217876  44.30
1960-1964     30-34     0.00149  0.00745  2.67   94630     705  471505  3743297  39.56
1960-1964     35-39     0.00247  0.01227  2.67   93925    1152  466945  3271792  34.83
1960-1964     40-44     0.00393  0.01949  2.75   92773    1808  459798  2804847  30.23
1960-1964     45-49     0.00660  0.03249  2.71   90965    2955  448071  2345049  25.78
1960-1964     50-54     0.01174  0.05717  2.70   88010    5031  428482  1896978  21.55
1960-1964     55-59     0.02015  0.09620  2.65   82979    7982  396156  1468496  17.70
1960-1964     60-64     0.03329  0.15434  2.65   74996   11575  347748  1072339  14.30
1960-1964     65-69     0.04949  0.22073  2.55   63422   13999  282851   724591  11.43
1960-1964     70-74     0.07335  0.31016  2.51   49422   15329  208978   441741   8.94
1960-1964     75-79     0.10846  0.42488  2.45   34094   14486  133555   232763   6.83
1960-1964     80-84     0.16455  0.57350  2.36   19608   11245   68339    99208   5.06
1960-1964     85-89     0.24667  0.72559  2.16    8363    6068   24600    30868   3.69
1960-1964     90-94     0.35035  0.84713  1.95    2295    1944    5549     6268   2.73
1960-1964     95-99     0.47957  0.92394  1.67     351     324     676      720   2.05
1960-1964    100-104    0.60705  0.96265  1.45      27      26      42       44   1.64
1960-1964    105-109    0.72251  0.98040  1.28       1       1       1        1   1.38
1960-1964    110+       0.80493  1.00000  1.24       0       0       0        0   1.24
1965-1969        0      0.02503  0.02448  0.11  100000    2448   97826  6694750  66.95
1965-1969      1-4      0.00102  0.00407  1.72   97552     397  389303  6596924  67.62
1965-1969      5-9      0.00054  0.00267  2.21   97155     260  485050  6207621  63.89
1965-1969     10-14     0.00047  0.00237  2.61   96895     230  483929  5722571  59.06
1965-1969     15-19     0.00095  0.00473  2.81   96666     458  482329  5238642  54.19
1965-1969     20-24     0.00114  0.00569  2.38   96208     547  479606  4756314  49.44
1965-1969     25-29     0.00123  0.00611  2.53   95661     584  476863  4276708  44.71
1965-1969     30-34     0.00141  0.00705  2.64   95077     670  473803  3799846  39.97
1965-1969     35-39     0.00219  0.01087  2.71   94407    1026  469680  3326043  35.23
1965-1969     40-44     0.00386  0.01915  2.70   93381    1788  462790  2856364  30.59
1965-1969     45-49     0.00664  0.03272  2.72   91593    2997  451127  2393573  26.13
1965-1969     50-54     0.01109  0.05407  2.71   88596    4790  432021  1942447  21.92
1965-1969     55-59     0.01895  0.09074  2.68   83806    7604  401370  1510426  18.02
1965-1969     60-64     0.03113  0.14495  2.63   76201   11045  354861  1109056  14.55
1965-1969     65-69     0.04889  0.21846  2.57   65156   14234  291162   754195  11.58
1965-1969     70-74     0.07249  0.30719  2.52   50922   15643  215800   463033   9.09
1965-1969     75-79     0.10640  0.41819  2.44   35280   14754  138668   247233   7.01
1965-1969     80-84     0.15391  0.54678  2.35   20526   11223   72922   108565   5.29
1965-1969     85-89     0.23408  0.70382  2.17    9303    6548   27971    35643   3.83
1965-1969     90-94     0.34449  0.84420  1.98    2755    2326    6752     7672   2.78
1965-1969     95-99     0.45778  0.91400  1.71     429     392     857      920   2.14
1965-1969    100-104    0.58443  0.95755  1.49      37      35      60       63   1.70
1965-1969    105-109    0.70185  0.97796  1.31       2       2       2        2   1.42
1965-1969    110+       0.78725  1.00000  1.27       0       0       0        0   1.27
1970-1974        0      0.02158  0.02117  0.10  100000    2117   98101  6736947  67.37
1970-1974      1-4      0.00093  0.00373  1.65   97883     365  390675  6638846  67.82
1970-1974      5-9      0.00048  0.00240  2.29   97518     234  486955  6248171  64.07
1970-1974     10-14     0.00038  0.00191  2.41   97284     185  485940  5761216  59.22
1970-1974     15-19     0.00091  0.00452  2.83   97098     439  484539  5275276  54.33
1970-1974     20-24     0.00118  0.00586  2.48   96660     566  481871  4790737  49.56
1970-1974     25-29     0.00110  0.00546  2.59   96094     525  479201  4308866  44.84
1970-1974     30-34     0.00141  0.00702  2.61   95569     671  476239  3829666  40.07
1970-1974     35-39     0.00221  0.01099  2.68   94898    1043  472066  3353427  35.34
1970-1974     40-44     0.00372  0.01845  2.75   93855    1731  465385  2881361  30.70
1970-1974     45-49     0.00666  0.03282  2.73   92124    3024  453742  2415976  26.23
1970-1974     50-54     0.01135  0.05529  2.67   89100    4927  434012  1962233  22.02
1970-1974     55-59     0.01845  0.08840  2.63   84173    7441  403255  1528221  18.16
1970-1974     60-64     0.02977  0.13912  2.65   76732   10675  358556  1124966  14.66
1970-1974     65-69     0.04748  0.21296  2.58   66057   14068  296271   766410  11.60
1970-1974     70-74     0.07389  0.31192  2.50   51990   16217  219474   470139   9.04
1970-1974     75-79     0.10686  0.41934  2.43   35773   15001  140375   250665   7.01
1970-1974     80-84     0.15490  0.54809  2.33   20772   11385   73500   110290   5.31
1970-1974     85-89     0.22881  0.69625  2.19    9387    6536   28564    36791   3.92
1970-1974     90-94     0.33110  0.82824  1.98    2851    2362    7133     8227   2.89
1970-1974     95-99     0.43803  0.90334  1.75     490     442    1010     1094   2.23
1970-1974    100-104    0.55772  0.95030  1.53      47      45      81       84   1.78
1970-1974    105-109    0.67190  0.97372  1.35       2       2       3        3   1.48
1970-1974    110+       0.75739  1.00000  1.32       0       0       0        0   1.32
1975-1979        0      0.01673  0.01648  0.09  100000    1648   98500  6819474  68.19
1975-1979      1-4      0.00070  0.00278  1.70   98352     274  392780  6720973  68.34
1975-1979      5-9      0.00039  0.00196  2.31   98079     192  489876  6328193  64.52
1975-1979     10-14     0.00036  0.00179  2.73   97887     176  489036  5838317  59.64
1975-1979     15-19     0.00092  0.00458  3.00   97711     447  487661  5349281  54.75
1975-1979     20-24     0.00112  0.00558  2.42   97264     543  484919  4861620  49.98
1975-1979     25-29     0.00109  0.00545  2.60   96721     527  482337  4376701  45.25
1975-1979     30-34     0.00146  0.00726  2.61   96194     698  479298  3894364  40.48
1975-1979     35-39     0.00209  0.01038  2.70   95496     991  475194  3415066  35.76
1975-1979     40-44     0.00359  0.01780  2.73   94504    1682  468705  2939871  31.11
1975-1979     45-49     0.00637  0.03141  2.70   92823    2916  457406  2471166  26.62
1975-1979     50-54     0.01101  0.05369  2.70   89907    4827  438445  2013760  22.40
1975-1979     55-59     0.01779  0.08535  2.63   85080    7262  408223  1575315  18.52
1975-1979     60-64     0.02859  0.13386  2.63   77818   10417  364375  1167092  15.00
1975-1979     65-69     0.04456  0.20116  2.59   67401   13558  304286   802717  11.91
1975-1979     70-74     0.06947  0.29644  2.53   53843   15961  229754   498431   9.26
1975-1979     75-79     0.10470  0.41245  2.43   37882   15624  149222   268676   7.09
1975-1979     80-84     0.15402  0.54702  2.35   22257   12175   79048   119454   5.37
1975-1979     85-89     0.22361  0.68815  2.21   10082    6938   31027    40406   4.01
1975-1979     90-94     0.31775  0.81305  2.00    3144    2556    8045     9379   2.98
1975-1979     95-99     0.43063  0.89915  1.76     588     529    1227     1334   2.27
1975-1979    100-104    0.54885  0.94770  1.55      59      56     102      107   1.81
1975-1979    105-109    0.66260  0.97227  1.37       3       3       5        5   1.50
1975-1979    110+       0.74841  1.00000  1.34       0       0       0        0   1.34
1980-1984        0      0.01247  0.01233  0.08  100000    1233   98864  6936491  69.36
1980-1984      1-4      0.00060  0.00238  1.63   98767     235  394512  6837627  69.23
1980-1984      5-9      0.00032  0.00160  2.37   98532     158  492245  6443114  65.39
1980-1984     10-14     0.00032  0.00161  2.64   98374     158  491498  5950869  60.49
1980-1984     15-19     0.00084  0.00421  2.87   98216     414  490198  5459371  55.59
1980-1984     20-24     0.00101  0.00501  2.51   97803     490  487794  4969172  50.81
1980-1984     25-29     0.00108  0.00539  2.47   97312     525  485234  4481379  46.05
1980-1984     30-34     0.00125  0.00624  2.58   96787     604  482472  3996145  41.29
1980-1984     35-39     0.00182  0.00908  2.67   96183     873  478881  3513673  36.53
1980-1984     40-44     0.00319  0.01583  2.67   95310    1509  473040  3034792  31.84
1980-1984     45-49     0.00569  0.02810  2.70   93802    2636  462956  2561751  27.31
1980-1984     50-54     0.00985  0.04818  2.70   91166    4393  445746  2098795  23.02
1980-1984     55-59     0.01701  0.08180  2.67   86773    7098  417349  1653049  19.05
1980-1984     60-64     0.02662  0.12519  2.62   79676    9975  374641  1235700  15.51
1980-1984     65-69     0.04131  0.18803  2.62   69701   13106  317279   861058  12.35
1980-1984     70-74     0.06451  0.27868  2.56   56595   15772  244488   543780   9.61
1980-1984     75-79     0.09905  0.39568  2.46   40824   16153  163081   299292   7.33
1980-1984     80-84     0.14964  0.53547  2.35   24670   13210   88283   136210   5.52
1980-1984     85-89     0.21189  0.66469  2.20   11460    7618   35951    47927   4.18
1980-1984     90-94     0.30313  0.79114  1.98    3843    3040   10029    11977   3.12
1980-1984     95-99     0.40104  0.88043  1.81     803     707    1762     1948   2.43
1980-1984    100-104    0.51083  0.93482  1.61      96      90     176      186   1.93
1980-1984    105-109    0.62015  0.96452  1.43       6       6      10       10   1.61
1980-1984    110+       0.70518  1.00000  1.42       0       0       0        0   1.42
1985-1989        0      0.00990  0.00981  0.07  100000     981   99089  7034444  70.34
1985-1989      1-4      0.00046  0.00183  1.73   99019     181  395664  6935354  70.04
1985-1989      5-9      0.00025  0.00124  2.31   98838     123  493859  6539690  66.17
1985-1989     10-14     0.00028  0.00142  2.63   98715     140  493244  6045831  61.25
1985-1989     15-19     0.00081  0.00405  2.93   98575     399  492052  5552587  56.33
1985-1989     20-24     0.00105  0.00522  2.45   98176     513  489577  5060535  51.55
1985-1989     25-29     0.00104  0.00518  2.60   97664     506  487104  4570958  46.80
1985-1989     30-34     0.00128  0.00640  2.65   97158     621  484331  4083854  42.03
1985-1989     35-39     0.00172  0.00857  2.64   96536     827  480732  3599523  37.29
1985-1989     40-44     0.00294  0.01459  2.70   95710    1397  475331  3118790  32.59
1985-1989     45-49     0.00502  0.02481  2.66   94313    2340  466099  2643459  28.03
1985-1989     50-54     0.00861  0.04222  2.71   91973    3883  450954  2177360  23.67
1985-1989     55-59     0.01515  0.07316  2.68   88090    6445  425477  1726406  19.60
1985-1989     60-64     0.02492  0.11769  2.65   81645    9609  385604  1300930  15.93
1985-1989     65-69     0.03950  0.18027  2.58   72036   12986  328766   915325  12.71
1985-1989     70-74     0.06101  0.26563  2.57   59050   15686  257088   586559   9.93
1985-1989     75-79     0.09329  0.37765  2.48   43364   16377  175554   329471   7.60
1985-1989     80-84     0.14098  0.51541  2.39   26988   13910   98667   153917   5.70
1985-1989     85-89     0.20985  0.66394  2.23   13078    8683   41378    55250   4.22
1985-1989     90-94     0.29766  0.79373  2.06    4395    3488   11719    13872   3.16
1985-1989     95-99     0.41005  0.88713  1.80     907     804    1961     2153   2.37
1985-1989    100-104    0.52899  0.94167  1.58     102      96     182      191   1.87
1985-1989    105-109    0.64548  0.96953  1.39       6       6       9        9   1.54
1985-1989    110+       0.73432  1.00000  1.36       0       0       0        0   1.36
1990-1994        0      0.00797  0.00791  0.07  100000     791   99262  7151899  71.52
1990-1994      1-4      0.00040  0.00159  1.55   99209     158  396449  7052638  71.09
1990-1994      5-9      0.00020  0.00101  2.47   99051     100  495001  6656189  67.20
1990-1994     10-14     0.00025  0.00127  2.78   98951     125  494474  6161188  62.27
1990-1994     15-19     0.00078  0.00387  2.91   98825     382  493325  5666714  57.34
1990-1994     20-24     0.00113  0.00565  2.59   98443     556  490870  5173389  52.55
1990-1994     25-29     0.00126  0.00627  2.51   97886     614  487904  4682519  47.84
1990-1994     30-34     0.00125  0.00622  2.48   97273     605  484839  4194615  43.12
1990-1994     35-39     0.00163  0.00814  2.62   96667     787  481465  3709776  38.38
1990-1994     40-44     0.00265  0.01316  2.62   95880    1262  476395  3228311  33.67
1990-1994     45-49     0.00443  0.02193  2.71   94618    2075  468341  2751915  29.08
1990-1994     50-54     0.00757  0.03721  2.68   92543    3443  454719  2283575  24.68
1990-1994     55-59     0.01267  0.06153  2.66   89100    5482  432694  1828856  20.53
1990-1994     60-64     0.02165  0.10308  2.68   83618    8619  398091  1396162  16.70
1990-1994     65-69     0.03629  0.16700  2.61   74999   12525  345088   998071  13.31
1990-1994     70-74     0.05596  0.24623  2.56   62474   15383  274896   652983  10.45
1990-1994     75-79     0.08505  0.35086  2.51   47091   16522  194270   378087   8.03
1990-1994     80-84     0.13122  0.48970  2.41   30569   14970  114078   183817   6.01
1990-1994     85-89     0.19474  0.63557  2.27   15599    9914   50910    69739   4.47
1990-1994     90-94     0.28116  0.77244  2.08    5685    4391   15618    18829   3.31
1990-1994     95-99     0.39063  0.87438  1.84    1294    1131    2896     3211   2.48
1990-1994    100-104    0.50898  0.93482  1.62     163     152     298      315   1.94
1990-1994    105-109    0.62703  0.96624  1.42      11      10      16       17   1.59
1990-1994    110+       0.71814  1.00000  1.39       0       0       0        0   1.39
1995-1999        0      0.00622  0.00619  0.06  100000     619   99419  7240859  72.41
1995-1999      1-4      0.00029  0.00114  1.63   99381     114  397255  7141440  71.86
1995-1999      5-9      0.00016  0.00080  2.44   99268      80  496134  6744184  67.94
1995-1999     10-14     0.00021  0.00107  2.72   99188     106  495698  6248050  62.99
1995-1999     15-19     0.00086  0.00427  3.05   99082     423  494586  5752352  58.06
1995-1999     20-24     0.00126  0.00629  2.49   98659     621  491735  5257766  53.29
1995-1999     25-29     0.00136  0.00678  2.51   98038     664  488537  4766031  48.61
1995-1999     30-34     0.00148  0.00737  2.56   97373     717  485113  4277494  43.93
1995-1999     35-39     0.00175  0.00871  2.59   96656     842  481253  3792381  39.24
1995-1999     40-44     0.00262  0.01303  2.63   95814    1248  476108  3311128  34.56
1995-1999     45-49     0.00412  0.02038  2.63   94566    1927  468264  2835019  29.98
1995-1999     50-54     0.00713  0.03510  2.72   92639    3252  455789  2366755  25.55
1995-1999     55-59     0.01184  0.05758  2.66   89387    5147  434887  1910966  21.38
1995-1999     60-64     0.01923  0.09205  2.68   84240    7754  403193  1476079  17.52
1995-1999     65-69     0.03170  0.14736  2.62   76486   11271  355562  1072886  14.03
1995-1999     70-74     0.05078  0.22614  2.58   65215   14748  290424   717324  11.00
1995-1999     75-79     0.07817  0.32728  2.52   50467   16517  211308   426901   8.46
1995-1999     80-84     0.11899  0.45588  2.44   33950   15477  130073   215593   6.35
1995-1999     85-89     0.18485  0.61578  2.29   18473   11375   61535    85520   4.63
1995-1999     90-94     0.27403  0.76476  2.11    7098    5428   19808    23984   3.38
1995-1999     95-99     0.38689  0.87256  1.85    1670    1457    3766     4176   2.50
1995-1999    100-104    0.51233  0.93656  1.61     213     199     389      410   1.93
1995-1999    105-109    0.63710  0.96837  1.41      14      13      21       21   1.56
1995-1999    110+       0.73241  1.00000  1.37       0       0       1        1   1.37
2000-2004        0      0.00595  0.00592  0.06  100000     592   99444  7359943  73.60
2000-2004      1-4      0.00027  0.00110  1.80   99408     109  397392  7260499  73.04
2000-2004      5-9      0.00014  0.00068  2.39   99299      67  496319  6863107  69.12
2000-2004     10-14     0.00017  0.00087  2.66   99232      87  495956  6366788  64.16
2000-2004     15-19     0.00072  0.00357  3.03   99145     354  495029  5870832  59.21
2000-2004     20-24     0.00120  0.00596  2.63   98791     589  492560  5375804  54.42
2000-2004     25-29     0.00141  0.00703  2.60   98202     690  489355  4883244  49.73
2000-2004     30-34     0.00160  0.00798  2.55   97512     778  485652  4393888  45.06
2000-2004     35-39     0.00199  0.00992  2.60   96733     960  481358  3908237  40.40
2000-2004     40-44     0.00267  0.01327  2.62   95773    1271  475845  3426879  35.78
2000-2004     45-49     0.00399  0.01975  2.69   94503    1866  468207  2951034  31.23
2000-2004     50-54     0.00624  0.03077  2.68   92636    2850  456561  2482827  26.80
2000-2004     55-59     0.01026  0.05013  2.68   89786    4501  438485  2026266  22.57
2000-2004     60-64     0.01754  0.08419  2.62   85285    7180  409339  1587781  18.62
2000-2004     65-69     0.02646  0.12450  2.63   78105    9724  367474  1178442  15.09
2000-2004     70-74     0.04327  0.19615  2.62   68381   13413  310011   810968  11.86
2000-2004     75-79     0.06801  0.29156  2.55   54968   16026  235648   500957   9.11
2000-2004     80-84     0.10607  0.41754  2.45   38942   16260  153288   265310   6.81
2000-2004     85-89     0.16721  0.57887  2.34   22682   13130   78524   112022   4.94
2000-2004     90-94     0.26182  0.74802  2.14    9552    7145   27290    33498   3.51
2000-2004     95-99     0.37349  0.86341  1.89    2407    2078    5564     6207   2.58
2000-2004    100-104    0.50393  0.93396  1.63     329     307     609      643   1.96
2000-2004    105-109    0.63478  0.96820  1.41      22      21      33       34   1.57
2000-2004    110+       0.73463  1.00000  1.36       1       1       1        1   1.36
2005-2009        0      0.00506  0.00503  0.06  100000     503   99526  7510164  75.10
2005-2009      1-4      0.00022  0.00086  1.56   99497      86  397777  7410638  74.48
2005-2009      5-9      0.00012  0.00059  2.45   99411      59  496905  7012861  70.54
2005-2009     10-14     0.00014  0.00071  2.73   99352      71  496600  6515956  65.58
2005-2009     15-19     0.00066  0.00328  2.99   99281     326  495753  6019356  60.63
2005-2009     20-24     0.00101  0.00505  2.62   98956     500  493589  5523603  55.82
2005-2009     25-29     0.00120  0.00596  2.57   98456     587  490851  5030014  51.09
2005-2009     30-34     0.00168  0.00838  2.60   97869     821  487375  4539163  46.38
2005-2009     35-39     0.00206  0.01026  2.55   97048     996  482797  4051788  41.75
2005-2009     40-44     0.00272  0.01352  2.61   96052    1299  477162  3568992  37.16
2005-2009     45-49     0.00376  0.01863  2.60   94754    1765  469540  3091830  32.63
2005-2009     50-54     0.00582  0.02870  2.65   92989    2669  458659  2622290  28.20
2005-2009     55-59     0.00879  0.04305  2.63   90320    3888  442395  2163631  23.96
2005-2009     60-64     0.01431  0.06923  2.67   86432    5984  418227  1721236  19.91
2005-2009     65-69     0.02273  0.10782  2.62   80448    8674  381638  1303009  16.20
2005-2009     70-74     0.03581  0.16497  2.61   71774   11841  330602   921372  12.84
2005-2009     75-79     0.05836  0.25572  2.58   59933   15326  262594   590769   9.86
2005-2009     80-84     0.09533  0.38445  2.48   44607   17149  179900   328175   7.36
2005-2009     85-89     0.14897  0.53512  2.37   27458   14693   98634   148275   5.40
2005-2009     90-94     0.23070  0.70530  2.25   12765    9003   39025    49641   3.89
2005-2009     95-99     0.33761  0.83305  1.96    3762    3134    9282    10617   2.82
2005-2009    100-104    0.46183  0.91621  1.71     628     575    1246     1334   2.12
2005-2009    105-109    0.59161  0.95938  1.48      53      50      85       88   1.68
2005-2009    110+       0.69387  1.00000  1.44       2       2       3        3   1.44
2010-2011        0      0.00427  0.00425  0.06  100000     425   99599  7628708  76.29
2010-2011      1-4      0.00017  0.00069  1.51   99575      69  398126  7529109  75.61
2010-2011      5-9      0.00013  0.00063  2.33   99506      62  497361  7130983  71.66
2010-2011     10-14     0.00009  0.00043  2.58   99443      42  497113  6633622  66.71
2010-2011     15-19     0.00052  0.00258  3.23   99401     257  496550  6136509  61.74
2010-2011     20-24     0.00082  0.00412  2.54   99144     408  494715  5639959  56.89
2010-2011     25-29     0.00107  0.00535  2.69   98736     528  492458  5145243  52.11
2010-2011     30-34     0.00153  0.00762  2.61   98208     748  489249  4652786  47.38
2010-2011     35-39     0.00206  0.01022  2.51   97460     996  484815  4163537  42.72
2010-2011     40-44     0.00268  0.01331  2.56   96463    1284  479183  3678722  38.14
2010-2011     45-49     0.00339  0.01680  2.54   95179    1599  471969  3199539  33.62
2010-2011     50-54     0.00511  0.02524  2.68   93580    2362  462413  2727571  29.15
2010-2011     55-59     0.00816  0.04000  2.57   91218    3649  447227  2265158  24.83
2010-2011     60-64     0.01253  0.06086  2.67   87569    5330  425407  1817931  20.76
2010-2011     65-69     0.01992  0.09518  2.68   82240    7828  393045  1392524  16.93
2010-2011     70-74     0.03278  0.15206  2.63   74412   11315  345222   999479  13.43
2010-2011     75-79     0.05199  0.23096  2.59   63097   14573  280324   654256  10.37
2010-2011     80-84     0.08974  0.36752  2.54   48524   17834  198735   373932   7.71
2010-2011     85-89     0.13994  0.51299  2.40   30690   15744  112504   175198   5.71
2010-2011     90-94     0.20962  0.66921  2.30   14946   10002   47718    62694   4.19
2010-2011     95-99     0.31165  0.80688  2.01    4944    3989   12801    14976   3.03
2010-2011    100-104    0.42859  0.89877  1.77     955     858    2002     2175   2.28
2010-2011    105-109    0.55443  0.94977  1.54      97      92     166      173   1.79
2010-2011    110+       0.65596  1.00000  1.52       5       5       7        7   1.52
