England and Wales, Total Population, Life tables (period 5x10), Total     Last modified: 05-Jul-2013, MPv5 (May07)

  Year          Age         mx       qx    ax      lx      dx      Lx       Tx     ex
1841-1849        0      0.16896  0.15198  0.34  100000   15198   89951  4031458  40.31
1841-1849      1-4      0.03765  0.13732  1.43   84802   11645  309321  3941507  46.48
1841-1849      5-9      0.00938  0.04561  2.02   73157    3337  355837  3632187  49.65
1841-1849     10-14     0.00534  0.02638  2.53   69820    1842  344554  3276349  46.93
1841-1849     15-19     0.00748  0.03676  2.64   67978    2499  333992  2931795  43.13
1841-1849     20-24     0.00972  0.04747  2.53   65479    3109  319709  2597803  39.67
1841-1849     25-29     0.01012  0.04937  2.49   62371    3079  304133  2278094  36.53
1841-1849     30-34     0.01072  0.05221  2.51   59292    3096  288756  1973960  33.29
1841-1849     35-39     0.01228  0.05961  2.54   56196    3350  272752  1685204  29.99
1841-1849     40-44     0.01388  0.06709  2.50   52846    3545  255371  1412453  26.73
1841-1849     45-49     0.01567  0.07544  2.55   49301    3719  237378  1157081  23.47
1841-1849     50-54     0.01929  0.09207  2.54   45581    4197  217587   919704  20.18
1841-1849     55-59     0.02539  0.11963  2.60   41385    4951  195016   702117  16.97
1841-1849     60-64     0.03578  0.16448  2.55   36434    5993  167490   507100  13.92
1841-1849     65-69     0.05167  0.22954  2.57   30441    6988  135235   339610  11.16
1841-1849     70-74     0.07825  0.32710  2.49   23454    7672   98040   204375   8.71
1841-1849     75-79     0.11702  0.45041  2.44   15782    7108   60744   106335   6.74
1841-1849     80-84     0.15976  0.56184  2.36    8674    4873   30503    45591   5.26
1841-1849     85-89     0.22721  0.69266  2.18    3800    2632   11586    15087   3.97
1841-1849     90-94     0.31665  0.81068  1.99    1168     947    2990     3502   3.00
1841-1849     95-99     0.42228  0.89382  1.77     221     198     468      512   2.31
1841-1849    100-104    0.53470  0.94303  1.57      23      22      41       43   1.85
1841-1849    105-109    0.64442  0.96909  1.39       1       1       2        2   1.55
1841-1849    110+       0.72856  1.00000  1.37       0       0       0        0   1.37
1850-1859        0      0.17073  0.15341  0.34  100000   15341   89857  4110163  41.10
1850-1859      1-4      0.03656  0.13362  1.42   84659   11312  309435  4020306  47.49
1850-1859      5-9      0.00882  0.04298  2.01   73346    3152  357313  3710871  50.59
1850-1859     10-14     0.00505  0.02493  2.54   70194    1750  346666  3353558  47.78
1850-1859     15-19     0.00703  0.03458  2.63   68444    2367  336613  3006893  43.93
1850-1859     20-24     0.00900  0.04403  2.53   66078    2910  323210  2670280  40.41
1850-1859     25-29     0.00943  0.04608  2.49   63168    2911  308543  2347070  37.16
1850-1859     30-34     0.01011  0.04932  2.52   60257    2972  293924  2038527  33.83
1850-1859     35-39     0.01150  0.05590  2.53   57285    3202  278526  1744603  30.45
1850-1859     40-44     0.01322  0.06402  2.53   54083    3463  261854  1466077  27.11
1850-1859     45-49     0.01518  0.07315  2.53   50621    3703  243973  1204222  23.79
1850-1859     50-54     0.01861  0.08900  2.56   46917    4176  224396   960250  20.47
1850-1859     55-59     0.02429  0.11469  2.57   42742    4902  201806   735853  17.22
1850-1859     60-64     0.03425  0.15814  2.58   37840    5984  174737   534047  14.11
1850-1859     65-69     0.05043  0.22451  2.56   31856    7152  141810   359311  11.28
1850-1859     70-74     0.07557  0.31813  2.52   24704    7859  103993   217501   8.80
1850-1859     75-79     0.11512  0.44478  2.44   16845    7492   65081   113508   6.74
1850-1859     80-84     0.16433  0.57284  2.36    9353    5358   32602    48427   5.18
1850-1859     85-89     0.22867  0.69455  2.17    3995    2775   12135    15825   3.96
1850-1859     90-94     0.31387  0.80699  1.99    1220     985    3137     3691   3.02
1850-1859     95-99     0.41580  0.88941  1.78     236     209     504      553   2.35
1850-1859    100-104    0.52259  0.93868  1.59      26      24      47       49   1.89
1850-1859    105-109    0.62773  0.96583  1.42       2       2       2        3   1.59
1850-1859    110+       0.70921  1.00000  1.41       0       0       0        0   1.41
1860-1869        0      0.16917  0.15215  0.34  100000   15215   89941  4146652  41.47
1860-1869      1-4      0.03586  0.13113  1.38   84785   11118  310007  4056711  47.85
1860-1869      5-9      0.00792  0.03867  2.00   73667    2849  359789  3746704  50.86
1860-1869     10-14     0.00448  0.02217  2.55   70819    1570  350250  3386916  47.83
1860-1869     15-19     0.00644  0.03173  2.64   69248    2197  341059  3036665  43.85
1860-1869     20-24     0.00840  0.04116  2.54   67051    2760  328480  2695606  40.20
1860-1869     25-29     0.00924  0.04515  2.52   64291    2902  314251  2367126  36.82
1860-1869     30-34     0.01039  0.05065  2.53   61389    3109  299278  2052876  33.44
1860-1869     35-39     0.01195  0.05802  2.53   58280    3381  283044  1753598  30.09
1860-1869     40-44     0.01354  0.06549  2.52   54898    3596  265574  1470553  26.79
1860-1869     45-49     0.01546  0.07446  2.54   51303    3820  247109  1204979  23.49
1860-1869     50-54     0.01940  0.09264  2.57   47483    4399  226722   957870  20.17
1860-1869     55-59     0.02574  0.12113  2.57   43084    5219  202732   731147  16.97
1860-1869     60-64     0.03563  0.16394  2.57   37865    6208  174244   528416  13.96
1860-1869     65-69     0.05160  0.22905  2.55   31658    7251  140536   354172  11.19
1860-1869     70-74     0.07669  0.32195  2.51   24407    7858  102458   213636   8.75
1860-1869     75-79     0.11540  0.44546  2.44   16549    7372   63882   111178   6.72
1860-1869     80-84     0.16618  0.57715  2.35    9177    5297   31873    47296   5.15
1860-1869     85-89     0.22823  0.69347  2.17    3881    2691   11791    15423   3.97
1860-1869     90-94     0.31070  0.80326  1.99    1190     955    3075     3632   3.05
1860-1869     95-99     0.41030  0.88574  1.79     234     207     505      557   2.38
1860-1869    100-104    0.51426  0.93559  1.60      27      25      49       51   1.92
1860-1869    105-109    0.61740  0.96369  1.43       2       2       3        3   1.61
1860-1869    110+       0.69791  1.00000  1.43       0       0       0        0   1.43
1870-1879        0      0.16533  0.14904  0.34  100000   14904   90146  4280707  42.81
1870-1879      1-4      0.03103  0.11470  1.36   85096    9760  314570  4190561  49.25
1870-1879      5-9      0.00680  0.03332  2.01   75335    2510  369180  3875991  51.45
1870-1879     10-14     0.00383  0.01898  2.54   72826    1382  360732  3506811  48.15
1870-1879     15-19     0.00549  0.02711  2.65   71443    1936  352666  3146079  44.04
1870-1879     20-24     0.00738  0.03624  2.57   69507    2519  341405  2793414  40.19
1870-1879     25-29     0.00858  0.04202  2.54   66988    2815  328010  2452009  36.60
1870-1879     30-34     0.00996  0.04863  2.55   64173    3120  313211  2123999  33.10
1870-1879     35-39     0.01187  0.05769  2.55   61053    3522  296626  1810788  29.66
1870-1879     40-44     0.01402  0.06777  2.53   57531    3899  278025  1514162  26.32
1870-1879     45-49     0.01620  0.07787  2.53   53632    4176  257861  1236137  23.05
1870-1879     50-54     0.02003  0.09550  2.56   49455    4723  235760   978276  19.78
1870-1879     55-59     0.02644  0.12421  2.57   44733    5556  210164   742516  16.60
1870-1879     60-64     0.03747  0.17174  2.58   39176    6728  179579   532351  13.59
1870-1879     65-69     0.05484  0.24163  2.54   32448    7840  142970   352772  10.87
1870-1879     70-74     0.07976  0.33230  2.49   24608    8177  102529   209802   8.53
1870-1879     75-79     0.11827  0.45364  2.43   16430    7453   63019   107274   6.53
1870-1879     80-84     0.17570  0.59841  2.34    8977    5372   30574    44254   4.93
1870-1879     85-89     0.24125  0.71418  2.14    3605    2575   10672    13680   3.79
1870-1879     90-94     0.32707  0.82004  1.96    1030     845    2583     3008   2.92
1870-1879     95-99     0.42739  0.89601  1.76     185     166     389      425   2.29
1870-1879    100-104    0.53214  0.94168  1.57      19      18      34       36   1.86
1870-1879    105-109    0.63446  0.96699  1.41       1       1       2        2   1.57
1870-1879    110+       0.71358  1.00000  1.40       0       0       0        0   1.40
1880-1889        0      0.15549  0.14100  0.34  100000   14100   90678  4539864  45.40
1880-1889      1-4      0.02713  0.10113  1.30   85900    8687  320171  4449186  51.79
1880-1889      5-9      0.00541  0.02663  2.01   77213    2056  379927  4129015  53.48
1880-1889     10-14     0.00306  0.01517  2.55   75157    1140  372997  3749089  49.88
1880-1889     15-19     0.00445  0.02202  2.64   74017    1630  366241  3376092  45.61
1880-1889     20-24     0.00575  0.02835  2.56   72387    2052  356934  3009851  41.58
1880-1889     25-29     0.00685  0.03369  2.56   70335    2369  345900  2652917  37.72
1880-1889     30-34     0.00842  0.04126  2.57   67966    2804  333022  2307017  33.94
1880-1889     35-39     0.01053  0.05134  2.56   65161    3346  317648  1973995  30.29
1880-1889     40-44     0.01258  0.06099  2.54   61816    3770  299802  1656347  26.79
1880-1889     45-49     0.01505  0.07257  2.56   58045    4212  279938  1356545  23.37
1880-1889     50-54     0.01949  0.09307  2.58   53833    5010  257021  1076607  20.00
1880-1889     55-59     0.02618  0.12306  2.57   48823    6008  229514   819586  16.79
1880-1889     60-64     0.03633  0.16691  2.57   42815    7146  196706   590073  13.78
1880-1889     65-69     0.05286  0.23399  2.55   35669    8346  157891   393367  11.03
1880-1889     70-74     0.07838  0.32774  2.50   27322    8955  114242   235476   8.62
1880-1889     75-79     0.11587  0.44651  2.43   18368    8201   70778   121235   6.60
1880-1889     80-84     0.17476  0.59681  2.34   10166    6067   34718    50457   4.96
1880-1889     85-89     0.23818  0.70923  2.15    4099    2907   12205    15738   3.84
1880-1889     90-94     0.32121  0.81381  1.97    1192     970    3020     3533   2.96
1880-1889     95-99     0.42293  0.89335  1.77     222     198     469      513   2.31
1880-1889    100-104    0.52681  0.93988  1.58      24      22      42       44   1.88
1880-1889    105-109    0.62884  0.96591  1.41       1       1       2        2   1.58
1880-1889    110+       0.70803  1.00000  1.41       0       0       0        0   1.41
1890-1899        0      0.16897  0.15199  0.34  100000   15199   89951  4604573  46.05
1890-1899      1-4      0.02458  0.09214  1.27   84801    7814  317857  4514622  53.24
1890-1899      5-9      0.00449  0.02216  2.01   76987    1706  379831  4196765  54.51
1890-1899     10-14     0.00254  0.01261  2.57   75281     949  374095  3816934  50.70
1890-1899     15-19     0.00375  0.01857  2.64   74332    1380  368401  3442839  46.32
1890-1899     20-24     0.00481  0.02377  2.57   72952    1734  360543  3074438  42.14
1890-1899     25-29     0.00585  0.02882  2.57   71218    2052  351104  2713895  38.11
1890-1899     30-34     0.00735  0.03610  2.58   69165    2497  339796  2362791  34.16
1890-1899     35-39     0.00952  0.04654  2.59   66668    3103  325849  2022996  30.34
1890-1899     40-44     0.01207  0.05864  2.57   63565    3727  308753  1697147  26.70
1890-1899     45-49     0.01507  0.07270  2.56   59838    4350  288591  1388394  23.20
1890-1899     50-54     0.01941  0.09271  2.57   55488    5144  264957  1099803  19.82
1890-1899     55-59     0.02634  0.12381  2.58   50344    6233  236654   834847  16.58
1890-1899     60-64     0.03792  0.17363  2.58   44111    7659  202003   598193  13.56
1890-1899     65-69     0.05564  0.24467  2.54   36452    8919  160289   396189  10.87
1890-1899     70-74     0.07944  0.33099  2.48   27533    9113  114715   235900   8.57
1890-1899     75-79     0.11445  0.44225  2.43   18420    8146   71177   121185   6.58
1890-1899     80-84     0.17805  0.60476  2.35   10274    6213   34896    50008   4.87
1890-1899     85-89     0.24564  0.72156  2.14    4061    2930   11927    15112   3.72
1890-1899     90-94     0.33955  0.83323  1.94    1131     942    2774     3185   2.82
1890-1899     95-99     0.45077  0.90925  1.72     189     171     380      410   2.18
1890-1899    100-104    0.56322  0.95137  1.52      17      16      29       30   1.76
1890-1899    105-109    0.67032  0.97325  1.35       1       1       1        1   1.49
1890-1899    110+       0.75116  1.00000  1.33       0       0       0        0   1.33
1900-1909        0      0.14419  0.13164  0.34  100000   13164   91296  4995016  49.95
1900-1909      1-4      0.01893  0.07200  1.28   86836    6252  330350  4903720  56.47
1900-1909      5-9      0.00371  0.01835  2.04   80584    1479  398538  4573370  56.75
1900-1909     10-14     0.00217  0.01080  2.56   79105     855  393436  4174832  52.78
1900-1909     15-19     0.00309  0.01531  2.63   78250    1198  388416  3781396  48.32
1900-1909     20-24     0.00391  0.01939  2.56   77052    1494  381623  3392980  44.03
1900-1909     25-29     0.00469  0.02318  2.57   75558    1752  373532  3011357  39.85
1900-1909     30-34     0.00587  0.02894  2.59   73807    2136  363881  2637825  35.74
1900-1909     35-39     0.00767  0.03765  2.59   71671    2699  351857  2273944  31.73
1900-1909     40-44     0.00989  0.04831  2.58   68972    3332  336790  1922087  27.87
1900-1909     45-49     0.01288  0.06245  2.59   65640    4099  318327  1585297  24.15
1900-1909     50-54     0.01739  0.08345  2.59   61541    5136  295339  1266970  20.59
1900-1909     55-59     0.02437  0.11510  2.59   56406    6492  266391   971632  17.23
1900-1909     60-64     0.03428  0.15823  2.57   49913    7898  230383   705241  14.13
1900-1909     65-69     0.05039  0.22443  2.56   42015    9429  187116   474857  11.30
1900-1909     70-74     0.07523  0.31673  2.51   32586   10321  137195   287742   8.83
1900-1909     75-79     0.11145  0.43347  2.44   22265    9651   86598   150547   6.76
1900-1909     80-84     0.17037  0.58664  2.35   12614    7400   43435    63949   5.07
1900-1909     85-89     0.23060  0.69725  2.17    5214    3635   15765    20514   3.93
1900-1909     90-94     0.31624  0.80917  1.98    1579    1277    4039     4749   3.01
1900-1909     95-99     0.41464  0.88837  1.78     301     268     645      710   2.36
1900-1909    100-104    0.51822  0.93696  1.59      34      32      61       64   1.91
1900-1909    105-109    0.62085  0.96437  1.43       2       2       3        3   1.60
1900-1909    110+       0.70096  1.00000  1.43       0       0       0        0   1.43
1910-1919        0      0.10928  0.10179  0.33  100000   10179   93144  4995616  49.96
1910-1919      1-4      0.01581  0.06066  1.32   89821    5448  344673  4902473  54.58
1910-1919      5-9      0.00358  0.01771  2.07   84373    1495  417485  4557800  54.02
1910-1919     10-14     0.00228  0.01135  2.56   82878     940  412098  4140315  49.96
1910-1919     15-19     0.00650  0.03210  3.15   81938    2630  404811  3728217  45.50
1910-1919     20-24     0.01141  0.05545  2.47   79308    4398  385416  3323406  41.91
1910-1919     25-29     0.01024  0.04987  2.42   74910    3736  364908  2937991  39.22
1910-1919     30-34     0.00854  0.04179  2.42   71174    2974  348211  2573083  36.15
1910-1919     35-39     0.00822  0.04027  2.51   68200    2746  334170  2224872  32.62
1910-1919     40-44     0.00886  0.04336  2.53   65454    2838  320257  1890703  28.89
1910-1919     45-49     0.01111  0.05411  2.60   62616    3388  304955  1570445  25.08
1910-1919     50-54     0.01524  0.07354  2.61   59228    4356  285744  1265490  21.37
1910-1919     55-59     0.02115  0.10071  2.63   54872    5526  261267   979746  17.86
1910-1919     60-64     0.03133  0.14574  2.61   49346    7192  229543   718480  14.56
1910-1919     65-69     0.04570  0.20569  2.58   42154    8671  189743   488936  11.60
1910-1919     70-74     0.07337  0.31135  2.57   33483   10425  142080   299193   8.94
1910-1919     75-79     0.11135  0.43216  2.41   23058    9965   89490   157113   6.81
1910-1919     80-84     0.16090  0.56511  2.37   13093    7399   45987    67623   5.16
1910-1919     85-89     0.24162  0.71574  2.15    5694    4076   16868    21635   3.80
1910-1919     90-94     0.32050  0.81410  1.98    1619    1318    4111     4768   2.95
1910-1919     95-99     0.44939  0.90925  1.73     301     274     609      656   2.18
1910-1919    100-104    0.56925  0.95340  1.51      27      26      46       48   1.74
1910-1919    105-109    0.68238  0.97522  1.34       1       1       2        2   1.46
1910-1919    110+       0.76648  1.00000  1.30       0       0       0        0   1.30
1920-1929        0      0.07832  0.07406  0.27  100000    7406   94562  5868564  58.69
1920-1929      1-4      0.00993  0.03867  1.31   92594    3581  360730  5774001  62.36
1920-1929      5-9      0.00253  0.01256  2.12   89013    1118  441851  5413271  60.81
1920-1929     10-14     0.00169  0.00841  2.57   87895     739  437683  4971421  56.56
1920-1929     15-19     0.00259  0.01289  2.66   87157    1123  433152  4533738  52.02
1920-1929     20-24     0.00325  0.01610  2.54   86033    1385  426753  4100587  47.66
1920-1929     25-29     0.00353  0.01752  2.53   84648    1483  419584  3673834  43.40
1920-1929     30-34     0.00397  0.01964  2.56   83165    1633  411847  3254250  39.13
1920-1929     35-39     0.00498  0.02462  2.60   81532    2007  402846  2842403  34.86
1920-1929     40-44     0.00635  0.03127  2.59   79525    2487  391622  2439557  30.68
1920-1929     45-49     0.00854  0.04186  2.62   77038    3225  377529  2047935  26.58
1920-1929     50-54     0.01199  0.05832  2.64   73813    4305  358919  1670405  22.63
1920-1929     55-59     0.01731  0.08315  2.65   69508    5779  333964  1311486  18.87
1920-1929     60-64     0.02637  0.12415  2.65   63729    7912  300080   977522  15.34
1920-1929     65-69     0.04138  0.18821  2.60   55817   10505  253854   677443  12.14
1920-1929     70-74     0.06580  0.28388  2.58   45312   12863  195486   423588   9.35
1920-1929     75-79     0.10531  0.41526  2.45   32448   13475  127948   228103   7.03
1920-1929     80-84     0.15576  0.55351  2.39   18974   10502   67426   100155   5.28
1920-1929     85-89     0.23633  0.70763  2.17    8472    5995   25366    32728   3.86
1920-1929     90-94     0.31700  0.81197  2.00    2477    2011    6344     7363   2.97
1920-1929     95-99     0.44811  0.90888  1.73     466     423     945     1018   2.19
1920-1929    100-104    0.57097  0.95402  1.51      42      40      71       74   1.74
1920-1929    105-109    0.68664  0.97589  1.33       2       2       3        3   1.45
1920-1929    110+       0.77216  1.00000  1.30       0       0       0        0   1.30
1930-1939        0      0.06146  0.05865  0.22  100000    5865   95419  6200946  62.01
1930-1939      1-4      0.00589  0.02321  1.43   94135    2185  370924  6105526  64.86
1930-1939      5-9      0.00206  0.01026  2.11   91951     943  457031  5734602  62.37
1930-1939     10-14     0.00132  0.00660  2.56   91007     600  453574  5277571  57.99
1930-1939     15-19     0.00216  0.01076  2.68   90407     973  449782  4823997  53.36
1930-1939     20-24     0.00282  0.01400  2.53   89434    1252  444077  4374215  48.91
1930-1939     25-29     0.00291  0.01444  2.52   88182    1273  437756  3930138  44.57
1930-1939     30-34     0.00316  0.01569  2.56   86909    1363  431217  3492382  40.18
1930-1939     35-39     0.00399  0.01975  2.60   85545    1690  423673  3061165  35.78
1930-1939     40-44     0.00523  0.02581  2.61   83856    2164  414094  2637492  31.45
1930-1939     45-49     0.00753  0.03698  2.65   81691    3021  401365  2223398  27.22
1930-1939     50-54     0.01099  0.05354  2.64   78670    4212  383430  1822033  23.16
1930-1939     55-59     0.01605  0.07736  2.67   74458    5760  358842  1438602  19.32
1930-1939     60-64     0.02481  0.11723  2.66   68698    8053  324644  1079761  15.72
1930-1939     65-69     0.03864  0.17686  2.61   60645   10726  277603   755117  12.45
1930-1939     70-74     0.06270  0.27245  2.60   49919   13601  216914   477514   9.57
1930-1939     75-79     0.10133  0.40349  2.48   36318   14654  144615   260600   7.18
1930-1939     80-84     0.15240  0.54505  2.39   21664   11808   77479   115986   5.35
1930-1939     85-89     0.23159  0.69981  2.17    9856    6897   29783    38507   3.91
1930-1939     90-94     0.32070  0.81680  2.00    2959    2417    7536     8724   2.95
1930-1939     95-99     0.44688  0.90849  1.73     542     492    1102     1188   2.19
1930-1939    100-104    0.57227  0.95450  1.51      50      47      83       86   1.73
1930-1939    105-109    0.69020  0.97645  1.33       2       2       3        3   1.45
1930-1939    110+       0.77704  1.00000  1.29       0       0       0        0   1.29
1940-1949        0      0.04674  0.04501  0.18  100000    4501   96300  6435278  64.35
1940-1949      1-4      0.00286  0.01135  1.57   95499    1084  379363  6338978  66.38
1940-1949      5-9      0.00126  0.00626  2.19   94415     591  470416  5959616  63.12
1940-1949     10-14     0.00095  0.00474  2.62   93824     444  468062  5489199  58.51
1940-1949     15-19     0.00285  0.01417  3.02   93380    1323  464282  5021137  53.77
1940-1949     20-24     0.00469  0.02316  2.50   92057    2132  454951  4556855  49.50
1940-1949     25-29     0.00381  0.01884  2.40   89925    1694  445215  4101904  45.61
1940-1949     30-34     0.00343  0.01698  2.45   88230    1498  437339  3656689  41.44
1940-1949     35-39     0.00343  0.01702  2.55   86732    1476  430040  3219350  37.12
1940-1949     40-44     0.00427  0.02115  2.61   85256    1803  421978  2789309  32.72
1940-1949     45-49     0.00627  0.03090  2.66   83453    2579  411238  2367332  28.37
1940-1949     50-54     0.00947  0.04634  2.66   80874    3747  395610  1956094  24.19
1940-1949     55-59     0.01442  0.06976  2.68   77126    5380  373136  1560484  20.23
1940-1949     60-64     0.02241  0.10647  2.66   71746    7639  340867  1187348  16.55
1940-1949     65-69     0.03467  0.16015  2.62   64107   10267  296133   846481  13.20
1940-1949     70-74     0.05536  0.24439  2.60   53840   13158  237665   550349  10.22
1940-1949     75-79     0.09002  0.36786  2.52   40682   14965  166237   312684   7.69
1940-1949     80-84     0.13914  0.51212  2.42   25717   13170   94658   146447   5.69
1940-1949     85-89     0.21569  0.67387  2.22   12547    8455   39198    51789   4.13
1940-1949     90-94     0.30407  0.79845  2.03    4092    3267   10745    12591   3.08
1940-1949     95-99     0.43659  0.90358  1.76     825     745    1707     1846   2.24
1940-1949    100-104    0.56678  0.95336  1.52      80      76     134      139   1.75
1940-1949    105-109    0.68963  0.97651  1.33       4       4       5        5   1.45
1940-1949    110+       0.77969  1.00000  1.28       0       0       0        0   1.28
1950-1959        0      0.02605  0.02547  0.12  100000    2547   97760  7015991  70.16
1950-1959      1-4      0.00108  0.00432  1.57   97453     421  388790  6918231  70.99
1950-1959      5-9      0.00046  0.00229  2.24   97032     222  484546  6529441  67.29
1950-1959     10-14     0.00038  0.00192  2.62   96810     186  483606  6044895  62.44
1950-1959     15-19     0.00066  0.00331  2.72   96624     320  482387  5561289  57.56
1950-1959     20-24     0.00093  0.00464  2.55   96304     447  480422  5078902  52.74
1950-1959     25-29     0.00106  0.00529  2.57   95857     507  478055  4598480  47.97
1950-1959     30-34     0.00130  0.00648  2.59   95350     617  475263  4120425  43.21
1950-1959     35-39     0.00182  0.00906  2.65   94733     859  471646  3645162  38.48
1950-1959     40-44     0.00280  0.01390  2.68   93874    1304  466347  3173516  33.81
1950-1959     45-49     0.00470  0.02323  2.71   92570    2151  457933  2707168  29.24
1950-1959     50-54     0.00787  0.03863  2.70   90419    3493  444054  2249235  24.88
1950-1959     55-59     0.01283  0.06232  2.69   86926    5417  422091  1805181  20.77
1950-1959     60-64     0.02059  0.09823  2.67   81509    8006  388925  1383090  16.97
1950-1959     65-69     0.03271  0.15177  2.63   73503   11156  341094   994165  13.53
1950-1959     70-74     0.05265  0.23388  2.61   62347   14582  276935   653071  10.47
1950-1959     75-79     0.08604  0.35475  2.53   47765   16945  196941   376136   7.87
1950-1959     80-84     0.13482  0.50078  2.43   30820   15434  114482   179195   5.81
1950-1959     85-89     0.21044  0.66502  2.23   15386   10232   48622    64713   4.21
1950-1959     90-94     0.29986  0.79412  2.04    5154    4093   13649    16091   3.12
1950-1959     95-99     0.42376  0.89646  1.78    1061     951    2245     2441   2.30
1950-1959    100-104    0.55402  0.94995  1.54     110     104     188      196   1.79
1950-1959    105-109    0.67879  0.97507  1.35       5       5       8        8   1.47
1950-1959    110+       0.77120  1.00000  1.30       0       0       0        0   1.30
1960-1969        0      0.02033  0.01996  0.10  100000    1996   98213  7154629  71.55
1960-1969      1-4      0.00083  0.00331  1.61   98004     325  391238  7056416  72.00
1960-1969      5-9      0.00038  0.00191  2.33   97679     187  487897  6665178  68.24
1960-1969     10-14     0.00033  0.00164  2.61   97493     159  487082  6177281  63.36
1960-1969     15-19     0.00067  0.00335  2.77   97333     326  485938  5690199  58.46
1960-1969     20-24     0.00075  0.00373  2.48   97007     362  484121  5204261  53.65
1960-1969     25-29     0.00078  0.00388  2.56   96645     375  482308  4720140  48.84
1960-1969     30-34     0.00100  0.00499  2.63   96269     480  480210  4237831  44.02
1960-1969     35-39     0.00155  0.00772  2.70   95789     739  477247  3757621  39.23
1960-1969     40-44     0.00259  0.01289  2.70   95050    1225  472429  3280374  34.51
1960-1969     45-49     0.00436  0.02161  2.70   93825    2027  464461  2807945  29.93
1960-1969     50-54     0.00722  0.03552  2.70   91798    3261  451478  2343484  25.53
1960-1969     55-59     0.01200  0.05838  2.69   88537    5169  430760  1892006  21.37
1960-1969     60-64     0.01979  0.09459  2.67   83368    7886  398432  1461246  17.53
1960-1969     65-69     0.03126  0.14550  2.63   75483   10983  351334  1062814  14.08
1960-1969     70-74     0.04924  0.22022  2.60   64500   14204  288464   711479  11.03
1960-1969     75-79     0.07763  0.32552  2.52   50296   16372  210915   423015   8.41
1960-1969     80-84     0.12182  0.46484  2.45   33924   15769  129446   212101   6.25
1960-1969     85-89     0.18967  0.62554  2.28   18154   11356   59873    82654   4.55
1960-1969     90-94     0.27597  0.76584  2.09    6798    5206   18866    22781   3.35
1960-1969     95-99     0.39390  0.87762  1.84    1592    1397    3547     3916   2.46
1960-1969    100-104    0.52192  0.94005  1.60     195     183     351      369   1.89
1960-1969    105-109    0.64884  0.97051  1.39      12      11      17       18   1.54
1960-1969    110+       0.74527  1.00000  1.34       0       0       0        0   1.34
1970-1979        0      0.01583  0.01560  0.09  100000    1560   98584  7272502  72.73
1970-1979      1-4      0.00064  0.00257  1.62   98440     253  393157  7173918  72.88
1970-1979      5-9      0.00031  0.00155  2.33   98186     152  490525  6780762  69.06
1970-1979     10-14     0.00027  0.00135  2.61   98034     132  489856  6290236  64.16
1970-1979     15-19     0.00063  0.00313  2.82   97902     307  488843  5800381  59.25
1970-1979     20-24     0.00070  0.00347  2.43   97596     339  487107  5311538  54.42
1970-1979     25-29     0.00068  0.00340  2.54   97257     331  485469  4824431  49.61
1970-1979     30-34     0.00086  0.00427  2.64   96926     414  483654  4338962  44.77
1970-1979     35-39     0.00133  0.00662  2.69   96512     639  481085  3855308  39.95
1970-1979     40-44     0.00233  0.01158  2.73   95873    1110  476842  3374223  35.19
1970-1979     45-49     0.00418  0.02070  2.72   94763    1962  469344  2897380  30.58
1970-1979     50-54     0.00708  0.03482  2.67   92801    3231  456494  2428036  26.16
1970-1979     55-59     0.01133  0.05517  2.67   89570    4942  436333  1971542  22.01
1970-1979     60-64     0.01814  0.08701  2.66   84629    7363  405879  1535209  18.14
1970-1979     65-69     0.02906  0.13595  2.63   77265   10504  361447  1129330  14.62
1970-1979     70-74     0.04612  0.20759  2.60   66761   13859  300501   767882  11.50
1970-1979     75-79     0.07197  0.30557  2.53   52902   16165  224616   467381   8.83
1970-1979     80-84     0.11242  0.43730  2.46   36737   16065  142908   242765   6.61
1970-1979     85-89     0.17434  0.59357  2.31   20672   12270   70382    99856   4.83
1970-1979     90-94     0.26177  0.74736  2.13    8402    6279   23987    29475   3.51
1970-1979     95-99     0.37251  0.86251  1.89    2123    1831    4915     5488   2.59
1970-1979    100-104    0.50211  0.93331  1.63     292     272     542      573   1.96
1970-1979    105-109    0.63374  0.96807  1.41      19      19      30       31   1.57
1970-1979    110+       0.73495  1.00000  1.36       1       1       1        1   1.36
1980-1989        0      0.01003  0.00994  0.08  100000     994   99082  7476093  74.76
1980-1989      1-4      0.00044  0.00177  1.58   99006     175  395602  7377011  74.51
1980-1989      5-9      0.00021  0.00105  2.38   98831     103  493886  6981409  70.64
1980-1989     10-14     0.00022  0.00111  2.68   98728     110  493385  6487523  65.71
1980-1989     15-19     0.00053  0.00263  2.83   98618     259  492528  5994138  60.78
1980-1989     20-24     0.00059  0.00296  2.44   98359     291  491051  5501610  55.93
1980-1989     25-29     0.00061  0.00304  2.56   98068     298  489613  5010559  51.09
1980-1989     30-34     0.00077  0.00384  2.62   97771     376  487957  4520946  46.24
1980-1989     35-39     0.00111  0.00554  2.66   97395     540  485713  4032989  41.41
1980-1989     40-44     0.00184  0.00915  2.71   96855     886  482248  3547276  36.62
1980-1989     45-49     0.00326  0.01619  2.72   95969    1554  476297  3065028  31.94
1980-1989     50-54     0.00566  0.02794  2.71   94415    2638  466048  2588731  27.42
1980-1989     55-59     0.00980  0.04789  2.69   91777    4396  448746  2122683  23.13
1980-1989     60-64     0.01622  0.07811  2.65   87381    6825  420874  1673937  19.16
1980-1989     65-69     0.02547  0.12012  2.63   80556    9676  379843  1253063  15.56
1980-1989     70-74     0.04036  0.18404  2.61   70880   13045  323192   873220  12.32
1980-1989     75-79     0.06335  0.27423  2.55   57835   15860  250345   550028   9.51
1980-1989     80-84     0.10007  0.39954  2.48   41975   16771  167599   299683   7.14
1980-1989     85-89     0.15577  0.55184  2.36   25204   13909   89291   132084   5.24
1980-1989     90-94     0.23774  0.71213  2.18   11295    8044   33834    42793   3.79
1980-1989     95-99     0.34656  0.84150  1.94    3252    2736    7895     8959   2.76
1980-1989    100-104    0.47590  0.92299  1.68     515     476    1000     1064   2.06
1980-1989    105-109    0.61106  0.96388  1.45      40      38      63       65   1.63
1980-1989    110+       0.71687  1.00000  1.39       1       1       2        2   1.39
1990-1999        0      0.00646  0.00642  0.07  100000     642   99401  7680074  76.80
1990-1999      1-4      0.00031  0.00123  1.55   99358     122  397135  7580673  76.30
1990-1999      5-9      0.00014  0.00071  2.42   99236      70  496001  7183538  72.39
1990-1999     10-14     0.00017  0.00084  2.74   99166      83  495643  6687537  67.44
1990-1999     15-19     0.00045  0.00222  2.86   99083     220  494944  6191893  62.49
1990-1999     20-24     0.00059  0.00296  2.51   98863     293  493583  5696949  57.62
1990-1999     25-29     0.00064  0.00319  2.56   98570     314  492081  5203366  52.79
1990-1999     30-34     0.00078  0.00392  2.60   98255     385  490354  4711285  47.95
1990-1999     35-39     0.00108  0.00541  2.66   97871     529  488114  4220931  43.13
1990-1999     40-44     0.00166  0.00824  2.68   97342     803  484845  3732817  38.35
1990-1999     45-49     0.00263  0.01307  2.68   96539    1262  479767  3247972  33.64
1990-1999     50-54     0.00439  0.02175  2.70   95278    2072  471612  2768205  29.05
1990-1999     55-59     0.00739  0.03632  2.70   93206    3385  458231  2296593  24.64
1990-1999     60-64     0.01261  0.06129  2.69   89821    5505  436371  1838361  20.47
1990-1999     65-69     0.02134  0.10162  2.66   84316    8568  401499  1401990  16.63
1990-1999     70-74     0.03469  0.16017  2.61   75748   12132  349789  1000491  13.21
1990-1999     75-79     0.05473  0.24165  2.58   63615   15373  280867   650702  10.23
1990-1999     80-84     0.08831  0.36206  2.51   48243   17467  197792   369835   7.67
1990-1999     85-89     0.14078  0.51544  2.40   30776   15863  112679   172043   5.59
1990-1999     90-94     0.22273  0.68856  2.23   14913   10268   46101    59364   3.98
1990-1999     95-99     0.33213  0.82918  1.98    4645    3851   11595    13263   2.86
1990-1999    100-104    0.46668  0.91952  1.71     793     730    1563     1667   2.10
1990-1999    105-109    0.60873  0.96371  1.45      64      62     101      104   1.63
1990-1999    110+       0.71984  1.00000  1.39       2       2       3        3   1.39
2000-2009        0      0.00514  0.00512  0.06  100000     512   99521  7916440  79.16
2000-2009      1-4      0.00022  0.00087  1.57   99488      87  397742  7816919  78.57
2000-2009      5-9      0.00010  0.00051  2.41   99401      50  496877  7419177  74.64
2000-2009     10-14     0.00012  0.00062  2.74   99351      61  496616  6922301  69.68
2000-2009     15-19     0.00035  0.00173  2.92   99290     172  496090  6425684  64.72
2000-2009     20-24     0.00048  0.00242  2.51   99118     240  494993  5929594  59.82
2000-2009     25-29     0.00056  0.00278  2.58   98878     275  493724  5434602  54.96
2000-2009     30-34     0.00073  0.00365  2.63   98603     360  492162  4940877  50.11
2000-2009     35-39     0.00101  0.00501  2.63   98243     493  490050  4448715  45.28
2000-2009     40-44     0.00150  0.00746  2.66   97751     729  487050  3958665  40.50
2000-2009     45-49     0.00235  0.01167  2.68   97022    1132  482487  3471615  35.78
2000-2009     50-54     0.00371  0.01840  2.66   95890    1764  475328  2989129  31.17
2000-2009     55-59     0.00581  0.02867  2.66   94125    2699  464322  2513801  26.71
2000-2009     60-64     0.00937  0.04586  2.68   91427    4193  447385  2049479  22.42
2000-2009     65-69     0.01526  0.07370  2.67   87233    6429  421192  1602094  18.37
2000-2009     70-74     0.02550  0.12034  2.67   80805    9724  381341  1180902  14.61
2000-2009     75-79     0.04359  0.19749  2.62   71080   14037  322060   799560  11.25
2000-2009     80-84     0.07392  0.31310  2.56   57043   17860  241625   477500   8.37
2000-2009     85-89     0.12439  0.47262  2.46   39183   18518  148874   235875   6.02
2000-2009     90-94     0.20609  0.66031  2.28   20664   13645   66209    87001   4.21
2000-2009     95-99     0.31757  0.81595  2.02    7020    5728   18036    20792   2.96
2000-2009    100-104    0.45893  0.91672  1.72    1292    1184    2581     2756   2.13
2000-2009    105-109    0.60945  0.96424  1.46     108     104     170      176   1.63
2000-2009    110+       0.72666  1.00000  1.38       4       4       5        5   1.38
2010-2011        0      0.00442  0.00440  0.06  100000     440   99587  8083939  80.84
2010-2011      1-4      0.00018  0.00073  1.51   99560      72  398059  7984352  80.20
2010-2011      5-9      0.00009  0.00044  2.49   99487      44  497328  7586293  76.25
2010-2011     10-14     0.00009  0.00047  2.74   99444      47  497113  7088965  71.29
2010-2011     15-19     0.00025  0.00124  2.88   99397     123  496724  6591852  66.32
2010-2011     20-24     0.00038  0.00192  2.55   99274     191  495901  6095128  61.40
2010-2011     25-29     0.00046  0.00230  2.60   99083     228  494867  5599227  56.51
2010-2011     30-34     0.00064  0.00317  2.62   98855     314  493527  5104360  51.63
2010-2011     35-39     0.00094  0.00469  2.66   98541     462  491626  4610834  46.79
2010-2011     40-44     0.00141  0.00705  2.67   98080     691  488787  4119207  42.00
2010-2011     45-49     0.00207  0.01030  2.65   97388    1003  484583  3630420  37.28
2010-2011     50-54     0.00328  0.01626  2.69   96385    1567  478305  3145837  32.64
2010-2011     55-59     0.00518  0.02558  2.67   94818    2426  468428  2667532  28.13
2010-2011     60-64     0.00801  0.03930  2.66   92393    3631  453451  2199104  23.80
2010-2011     65-69     0.01258  0.06113  2.67   88762    5426  431167  1745654  19.67
2010-2011     70-74     0.02097  0.09993  2.65   83336    8328  397091  1314487  15.77
2010-2011     75-79     0.03516  0.16244  2.66   75009   12185  346501   917395  12.23
2010-2011     80-84     0.06264  0.27240  2.61   62824   17113  273200   570894   9.09
2010-2011     85-89     0.10936  0.42924  2.50   45711   19621  179409   297694   6.51
2010-2011     90-94     0.18593  0.62056  2.32   26090   16190   87080   118286   4.53
2010-2011     95-99     0.29463  0.79149  2.08    9900    7836   26595    31206   3.15
2010-2011    100-104    0.43639  0.90587  1.77    2064    1870    4285     4611   2.23
2010-2011    105-109    0.59125  0.96061  1.49     194     187     316      326   1.68
2010-2011    110+       0.71363  1.00000  1.40       8       8      11       11   1.40
