England and Wales, Total Population, Life tables (period 5x5), Females     Last modified: 26-Apr-2013, MPv5 (May07)

  Year          Age         mx       qx    ax      lx      dx      Lx       Tx     ex
1841-1844        0      0.14452  0.13211  0.35  100000   13211   91413  4254427  42.54
1841-1844      1-4      0.03535  0.12968  1.45   86789   11255  318409  4163014  47.97
1841-1844      5-9      0.00894  0.04355  2.02   75534    3289  367878  3844605  50.90
1841-1844     10-14     0.00516  0.02549  2.56   72245    1842  356723  3476727  48.12
1841-1844     15-19     0.00763  0.03748  2.63   70403    2639  345764  3120005  44.32
1841-1844     20-24     0.00896  0.04380  2.49   67764    2968  331378  2774240  40.94
1841-1844     25-29     0.00968  0.04725  2.52   64796    3062  316394  2442862  37.70
1841-1844     30-34     0.01022  0.04982  2.50   61734    3076  300975  2126468  34.45
1841-1844     35-39     0.01207  0.05860  2.56   58658    3437  284906  1825493  31.12
1841-1844     40-44     0.01235  0.05987  2.45   55221    3306  267677  1540587  27.90
1841-1844     45-49     0.01443  0.06970  2.58   51914    3618  250831  1272910  24.52
1841-1844     50-54     0.01613  0.07752  2.49   48296    3744  232096  1022079  21.16
1841-1844     55-59     0.02424  0.11477  2.68   44552    5113  210916   789983  17.73
1841-1844     60-64     0.03065  0.14230  2.49   39439    5612  183082   579067  14.68
1841-1844     65-69     0.04912  0.22019  2.65   33827    7448  151637   395985  11.71
1841-1844     70-74     0.07023  0.29794  2.46   26379    7859  111912   244348   9.26
1841-1844     75-79     0.11023  0.43199  2.50   18519    8000   72579   132435   7.15
1841-1844     80-84     0.14311  0.52062  2.38   10519    5477   38267    59856   5.69
1841-1844     85-89     0.20691  0.65741  2.23    5043    3315   16022    21589   4.28
1841-1844     90-94     0.29138  0.78269  2.04    1728    1352    4641     5567   3.22
1841-1844     95-99     0.39371  0.87571  1.83     375     329     835      926   2.47
1841-1844    100-104    0.50498  0.93280  1.62      47      44      86       91   1.96
1841-1844    105-109    0.61632  0.96383  1.43       3       3       5        5   1.62
1841-1844    110+       0.70306  1.00000  1.42       0       0       0        0   1.42
1845-1849        0      0.15532  0.14108  0.35  100000   14108   90830  4037445  40.37
1845-1849      1-4      0.03850  0.14019  1.44   85892   12042  312736  3946615  45.95
1845-1849      5-9      0.00939  0.04569  2.02   73851    3374  359193  3633879  49.21
1845-1849     10-14     0.00567  0.02794  2.56   70477    1969  347584  3274686  46.46
1845-1849     15-19     0.00800  0.03927  2.62   68508    2690  336130  2927102  42.73
1845-1849     20-24     0.01021  0.04980  2.53   65817    3278  320996  2590972  39.37
1845-1849     25-29     0.01069  0.05208  2.50   62539    3257  304548  2269977  36.30
1845-1849     30-34     0.01182  0.05741  2.52   59282    3404  287971  1965429  33.15
1845-1849     35-39     0.01278  0.06192  2.51   55879    3460  270778  1677458  30.02
1845-1849     40-44     0.01464  0.07062  2.51   52419    3702  252887  1406681  26.84
1845-1849     45-49     0.01508  0.07265  2.50   48717    3539  234743  1153793  23.68
1845-1849     50-54     0.01942  0.09274  2.58   45178    4190  215755   919051  20.34
1845-1849     55-59     0.02366  0.11183  2.55   40988    4584  193698   703295  17.16
1845-1849     60-64     0.03673  0.16882  2.61   36404    6146  167340   509597  14.00
1845-1849     65-69     0.04938  0.21997  2.52   30259    6656  134798   342258  11.31
1845-1849     70-74     0.07813  0.32758  2.54   23603    7732   98957   207460   8.79
1845-1849     75-79     0.11420  0.44120  2.42   15871    7002   61316   108502   6.84
1845-1849     80-84     0.15630  0.55339  2.36    8869    4908   31401    47187   5.32
1845-1849     85-89     0.22544  0.69010  2.19    3961    2733   12125    15786   3.99
1845-1849     90-94     0.31810  0.81284  1.99    1227     998    3137     3661   2.98
1845-1849     95-99     0.42795  0.89742  1.77     230     206     482      525   2.28
1845-1849    100-104    0.54385  0.94607  1.55      24      22      41       43   1.82
1845-1849    105-109    0.65592  0.97113  1.38       1       1       2        2   1.52
1845-1849    110+       0.74099  1.00000  1.35       0       0       0        0   1.35
1850-1854        0      0.15285  0.13903  0.35  100000   13903   90963  4193250  41.93
1850-1854      1-4      0.03594  0.13153  1.42   86097   11324  315129  4102288  47.65
1850-1854      5-9      0.00876  0.04269  2.02   74772    3192  364355  3787158  50.65
1850-1854     10-14     0.00526  0.02597  2.57   71581    1859  353385  3422803  47.82
1850-1854     15-19     0.00766  0.03763  2.62   69722    2623  342363  3069418  44.02
1850-1854     20-24     0.00908  0.04440  2.51   67099    2979  328089  2727055  40.64
1850-1854     25-29     0.00985  0.04807  2.51   64119    3082  312933  2398966  37.41
1850-1854     30-34     0.01076  0.05240  2.52   61037    3198  297253  2086032  34.18
1850-1854     35-39     0.01202  0.05838  2.52   57839    3377  280816  1788779  30.93
1850-1854     40-44     0.01294  0.06268  2.50   54462    3414  263787  1507963  27.69
1850-1854     45-49     0.01464  0.07066  2.53   51049    3607  246341  1244176  24.37
1850-1854     50-54     0.01703  0.08174  2.55   47442    3878  227707   997836  21.03
1850-1854     55-59     0.02364  0.11186  2.60   43564    4873  206122   770129  17.68
1850-1854     60-64     0.03146  0.14611  2.56   38691    5653  179676   564007  14.58
1850-1854     65-69     0.04848  0.21703  2.59   33038    7170  147898   384331  11.63
1850-1854     70-74     0.07098  0.30162  2.51   25867    7802  109924   236433   9.14
1850-1854     75-79     0.11030  0.43113  2.47   18065    7788   70610   126509   7.00
1850-1854     80-84     0.15368  0.54720  2.37   10277    5623   36593    55899   5.44
1850-1854     85-89     0.21578  0.67286  2.20    4653    3131   14510    19306   4.15
1850-1854     90-94     0.29949  0.79173  2.02    1522    1205    4024     4796   3.15
1850-1854     95-99     0.40000  0.87949  1.81     317     279     697      772   2.43
1850-1854    100-104    0.50726  0.93332  1.61      38      36      70       74   1.95
1850-1854    105-109    0.61435  0.96324  1.44       3       2       4        4   1.62
1850-1854    110+       0.69800  1.00000  1.43       0       0       0        0   1.43
1855-1859        0      0.15236  0.13863  0.35  100000   13863   90989  4233692  42.34
1855-1859      1-4      0.03639  0.13315  1.44   86137   11469  315191  4142703  48.09
1855-1859      5-9      0.00877  0.04271  1.99   74668    3189  363744  3827512  51.26
1855-1859     10-14     0.00493  0.02437  2.56   71479    1742  353136  3463768  48.46
1855-1859     15-19     0.00698  0.03434  2.62   69737    2395  342988  3110632  44.61
1855-1859     20-24     0.00891  0.04358  2.54   67342    2935  329477  2767644  41.10
1855-1859     25-29     0.00933  0.04560  2.50   64407    2937  314683  2438167  37.86
1855-1859     30-34     0.01012  0.04934  2.52   61470    3033  299835  2123485  34.54
1855-1859     35-39     0.01123  0.05464  2.52   58437    3193  284269  1823650  31.21
1855-1859     40-44     0.01273  0.06171  2.52   55244    3409  267751  1539381  27.87
1855-1859     45-49     0.01358  0.06570  2.51   51835    3406  250710  1271630  24.53
1855-1859     50-54     0.01704  0.08181  2.58   48429    3962  232556  1020920  21.08
1855-1859     55-59     0.02164  0.10281  2.57   44467    4572  211209   788364  17.73
1855-1859     60-64     0.03291  0.15258  2.62   39896    6087  184964   577155  14.47
1855-1859     65-69     0.04691  0.21032  2.54   33808    7110  151574   392191  11.60
1855-1859     70-74     0.07308  0.30975  2.54   26698    8270  113162   240617   9.01
1855-1859     75-79     0.11105  0.43240  2.44   18428    7968   71754   127455   6.92
1855-1859     80-84     0.15788  0.55719  2.36   10460    5828   36916    55701   5.33
1855-1859     85-89     0.22241  0.68413  2.19    4632    3169   14247    18786   4.06
1855-1859     90-94     0.30486  0.79689  2.01    1463    1166    3824     4538   3.10
1855-1859     95-99     0.40559  0.88304  1.80     297     262     647      714   2.40
1855-1859    100-104    0.51217  0.93505  1.61      35      32      63       67   1.93
1855-1859    105-109    0.61816  0.96397  1.43       2       2       4        4   1.61
1855-1859    110+       0.70080  1.00000  1.43       0       0       0        0   1.43
1860-1864        0      0.14575  0.13314  0.35  100000   13314   91346  4274876  42.75
1860-1864      1-4      0.03668  0.13401  1.42   86686   11617  316730  4183530  48.26
1860-1864      5-9      0.00824  0.04017  1.96   75069    3016  366169  3866800  51.51
1860-1864     10-14     0.00468  0.02315  2.59   72054    1668  356244  3500631  48.58
1860-1864     15-19     0.00686  0.03375  2.62   70386    2375  346275  3144387  44.67
1860-1864     20-24     0.00823  0.04032  2.53   68011    2742  333277  2798112  41.14
1860-1864     25-29     0.00918  0.04488  2.52   65268    2929  319091  2464835  37.76
1860-1864     30-34     0.01023  0.04990  2.53   62339    3111  304000  2145745  34.42
1860-1864     35-39     0.01153  0.05605  2.52   59229    3320  287899  1841745  31.10
1860-1864     40-44     0.01228  0.05959  2.50   55909    3331  271209  1553846  27.79
1860-1864     45-49     0.01382  0.06683  2.54   52578    3514  254253  1282637  24.40
1860-1864     50-54     0.01680  0.08069  2.57   49064    3959  235697  1028384  20.96
1860-1864     55-59     0.02379  0.11254  2.60   45105    5076  213341   792686  17.57
1860-1864     60-64     0.03218  0.14922  2.57   40029    5973  185614   579346  14.47
1860-1864     65-69     0.04942  0.22073  2.58   34056    7517  152119   393731  11.56
1860-1864     70-74     0.07167  0.30396  2.50   26538    8067  112554   241612   9.10
1860-1864     75-79     0.11026  0.43104  2.47   18472    7962   72212   129058   6.99
1860-1864     80-84     0.15477  0.55002  2.37   10510    5781   37349    56846   5.41
1860-1864     85-89     0.21732  0.67566  2.20    4729    3195   14703    19496   4.12
1860-1864     90-94     0.30225  0.79486  2.02    1534    1219    4034     4793   3.13
1860-1864     95-99     0.40344  0.88180  1.81     315     277     688      760   2.41
1860-1864    100-104    0.51138  0.93487  1.61      37      35      68       72   1.93
1860-1864    105-109    0.61880  0.96416  1.43       2       2       4        4   1.61
1860-1864    110+       0.70248  1.00000  1.42       0       0       0        0   1.42
1865-1869        0      0.15678  0.14228  0.35  100000   14228   90752  4280592  42.81
1865-1869      1-4      0.03422  0.12558  1.37   85772   10771  314756  4189841  48.85
1865-1869      5-9      0.00734  0.03589  2.00   75000    2692  366940  3875084  51.67
1865-1869     10-14     0.00428  0.02118  2.58   72309    1532  357830  3508144  48.52
1865-1869     15-19     0.00639  0.03146  2.64   70777    2227  348631  3150315  44.51
1865-1869     20-24     0.00834  0.04085  2.54   68550    2800  335875  2801684  40.87
1865-1869     25-29     0.00919  0.04494  2.52   65750    2955  321435  2465809  37.50
1865-1869     30-34     0.01047  0.05102  2.53   62795    3204  306059  2144374  34.15
1865-1869     35-39     0.01156  0.05621  2.51   59592    3350  289634  1838315  30.85
1865-1869     40-44     0.01299  0.06291  2.52   56242    3538  272427  1548681  27.54
1865-1869     45-49     0.01417  0.06843  2.52   52704    3607  254582  1276254  24.22
1865-1869     50-54     0.01800  0.08626  2.58   49097    4235  235234  1021672  20.81
1865-1869     55-59     0.02305  0.10911  2.56   44862    4895  212378   786438  17.53
1865-1869     60-64     0.03373  0.15601  2.60   39967    6235  184859   574060  14.36
1865-1869     65-69     0.04775  0.21370  2.54   33732    7208  150957   389202  11.54
1865-1869     70-74     0.07407  0.31317  2.54   26524    8306  112148   238244   8.98
1865-1869     75-79     0.11085  0.43158  2.44   18217    7862   70930   126096   6.92
1865-1869     80-84     0.15922  0.56022  2.36   10355    5801   36434    55166   5.33
1865-1869     85-89     0.21938  0.67835  2.19    4554    3089   14082    18732   4.11
1865-1869     90-94     0.29742  0.78820  2.02    1465    1155    3882     4650   3.17
1865-1869     95-99     0.39274  0.87394  1.82     310     271     690      769   2.48
1865-1869    100-104    0.49363  0.92762  1.64      39      36      73       78   2.00
1865-1869    105-109    0.59542  0.95884  1.46       3       3       5        5   1.67
1865-1869    110+       0.67581  1.00000  1.48       0       0       0        0   1.48
1870-1874        0      0.15236  0.13863  0.35  100000   13863   90989  4374779  43.75
1870-1874      1-4      0.03150  0.11643  1.39   86137   10029  318364  4283790  49.73
1870-1874      5-9      0.00715  0.03501  2.00   76108    2665  372538  3965426  52.10
1870-1874     10-14     0.00404  0.01998  2.57   73443    1467  363653  3592888  48.92
1870-1874     15-19     0.00606  0.02989  2.64   71976    2151  354804  3229234  44.87
1870-1874     20-24     0.00767  0.03763  2.55   69824    2627  342684  2874431  41.17
1870-1874     25-29     0.00877  0.04294  2.53   67197    2885  328847  2531747  37.68
1870-1874     30-34     0.00987  0.04817  2.54   64312    3098  313933  2202900  34.25
1870-1874     35-39     0.01141  0.05550  2.53   61214    3397  297672  1888967  30.86
1870-1874     40-44     0.01259  0.06105  2.51   57817    3530  280294  1591294  27.52
1870-1874     45-49     0.01442  0.06964  2.54   54287    3781  262126  1311000  24.15
1870-1874     50-54     0.01720  0.08253  2.56   50506    4168  242343  1048874  20.77
1870-1874     55-59     0.02387  0.11291  2.60   46338    5232  219153   806531  17.41
1870-1874     60-64     0.03323  0.15374  2.58   41106    6320  190206   587378  14.29
1870-1874     65-69     0.05060  0.22531  2.57   34786    7838  154885   397172  11.42
1870-1874     70-74     0.07334  0.30994  2.50   26949    8352  113884   242287   8.99
1870-1874     75-79     0.11166  0.43497  2.46   18596    8089   72442   128404   6.90
1870-1874     80-84     0.15996  0.56175  2.35   10508    5903   36900    55962   5.33
1870-1874     85-89     0.21849  0.67645  2.19    4605    3115   14257    19062   4.14
1870-1874     90-94     0.29259  0.78183  2.02    1490    1165    3981     4805   3.22
1870-1874     95-99     0.38360  0.86707  1.84     325     282     735      823   2.53
1870-1874    100-104    0.48027  0.92177  1.66      43      40      83       89   2.05
1870-1874    105-109    0.57874  0.95464  1.49       3       3       6        6   1.72
1870-1874    110+       0.65712  1.00000  1.52       0       0       0        0   1.52
1875-1879        0      0.14354  0.13129  0.35  100000   13129   91466  4512791  45.13
1875-1879      1-4      0.02924  0.10855  1.34   86871    9430  322443  4421325  50.90
1875-1879      5-9      0.00600  0.02949  2.01   77442    2284  380369  4098882  52.93
1875-1879     10-14     0.00360  0.01783  2.56   75158    1340  372527  3718513  49.48
1875-1879     15-19     0.00508  0.02512  2.64   73818    1855  364711  3345986  45.33
1875-1879     20-24     0.00676  0.03326  2.56   71964    2393  353987  2981275  41.43
1875-1879     25-29     0.00783  0.03843  2.55   69570    2674  341292  2627288  37.76
1875-1879     30-34     0.00920  0.04499  2.54   66896    3010  327084  2285996  34.17
1875-1879     35-39     0.01072  0.05221  2.54   63886    3336  311241  1958912  30.66
1875-1879     40-44     0.01271  0.06164  2.53   60551    3732  293540  1647671  27.21
1875-1879     45-49     0.01414  0.06831  2.53   56818    3881  274495  1354131  23.83
1875-1879     50-54     0.01812  0.08681  2.58   52937    4596  253586  1079635  20.39
1875-1879     55-59     0.02364  0.11177  2.57   48341    5403  228558   826050  17.09
1875-1879     60-64     0.03540  0.16316  2.61   42938    7006  197915   597492  13.92
1875-1879     65-69     0.05158  0.22886  2.54   35932    8223  159445   399577  11.12
1875-1879     70-74     0.07745  0.32468  2.51   27709    8996  116151   240132   8.67
1875-1879     75-79     0.11475  0.44314  2.43   18712    8292   72261   123981   6.63
1875-1879     80-84     0.17225  0.59051  2.34   10420    6153   35722    51720   4.96
1875-1879     85-89     0.24335  0.71827  2.15    4267    3065   12594    15998   3.75
1875-1879     90-94     0.33752  0.83134  1.95    1202     999    2961     3404   2.83
1875-1879     95-99     0.44861  0.90828  1.72     203     184     410      443   2.19
1875-1879    100-104    0.56234  0.95121  1.52      19      18      31       33   1.76
1875-1879    105-109    0.67059  0.97333  1.35       1       1       1        1   1.49
1875-1879    110+       0.75212  1.00000  1.33       0       0       0        0   1.33
1880-1884        0      0.13821  0.12682  0.35  100000   12682   91757  4643850  46.44
1880-1884      1-4      0.02767  0.10309  1.34   87318    9002  325344  4552093  52.13
1880-1884      5-9      0.00589  0.02896  2.00   78316    2268  384782  4226750  53.97
1880-1884     10-14     0.00330  0.01637  2.56   76048    1245  377201  3841968  50.52
1880-1884     15-19     0.00479  0.02370  2.63   74803    1773  369817  3464767  46.32
1880-1884     20-24     0.00605  0.02983  2.57   73030    2179  359847  3094950  42.38
1880-1884     25-29     0.00720  0.03540  2.55   70852    2508  348112  2735103  38.60
1880-1884     30-34     0.00864  0.04229  2.57   68344    2890  334689  2386991  34.93
1880-1884     35-39     0.01040  0.05068  2.53   65454    3317  319085  2052302  31.36
1880-1884     40-44     0.01159  0.05633  2.53   62136    3500  302023  1733217  27.89
1880-1884     45-49     0.01366  0.06609  2.55   58636    3875  283696  1431194  24.41
1880-1884     50-54     0.01702  0.08172  2.57   54761    4475  262947  1147498  20.95
1880-1884     55-59     0.02396  0.11327  2.59   50286    5696  237723   884550  17.59
1880-1884     60-64     0.03227  0.14959  2.56   44590    6670  206676   646827  14.51
1880-1884     65-69     0.04839  0.21663  2.58   37920    8215  169745   440151  11.61
1880-1884     70-74     0.07148  0.30341  2.51   29705    9013  126095   270407   9.10
1880-1884     75-79     0.10783  0.42329  2.46   20692    8759   81227   144312   6.97
1880-1884     80-84     0.16196  0.56724  2.36   11933    6769   41796    63085   5.29
1880-1884     85-89     0.21948  0.67823  2.18    5164    3503   15958    21289   4.12
1880-1884     90-94     0.29413  0.78364  2.02    1662    1302    4427     5330   3.21
1880-1884     95-99     0.38707  0.86960  1.83     360     313     808      903   2.51
1880-1884    100-104    0.48424  0.92349  1.65      47      43      89       96   2.04
1880-1884    105-109    0.58294  0.95570  1.48       4       3       6        6   1.71
1880-1884    110+       0.66136  1.00000  1.51       0       0       0        0   1.51
1885-1889        0      0.13942  0.12784  0.35  100000   12784   91691  4752035  47.52
1885-1889      1-4      0.02518  0.09428  1.29   87216    8223  326567  4660344  53.43
1885-1889      5-9      0.00484  0.02384  2.04   78993    1883  389401  4333777  54.86
1885-1889     10-14     0.00294  0.01459  2.56   77110    1125  382799  3944376  51.15
1885-1889     15-19     0.00416  0.02061  2.64   75985    1566  376228  3561576  46.87
1885-1889     20-24     0.00547  0.02698  2.56   74419    2008  367193  3185348  42.80
1885-1889     25-29     0.00643  0.03167  2.57   72411    2293  356477  2818155  38.92
1885-1889     30-34     0.00779  0.03820  2.56   70118    2679  344046  2461678  35.11
1885-1889     35-39     0.00944  0.04616  2.56   67440    3113  329612  2117632  31.40
1885-1889     40-44     0.01130  0.05497  2.53   64326    3536  312908  1788020  27.80
1885-1889     45-49     0.01300  0.06300  2.55   60790    3830  294585  1475112  24.27
1885-1889     50-54     0.01737  0.08338  2.60   56961    4750  273382  1180527  20.73
1885-1889     55-59     0.02311  0.10941  2.57   52211    5712  247196   907145  17.37
1885-1889     60-64     0.03418  0.15797  2.60   46499    7345  214883   659949  14.19
1885-1889     65-69     0.04948  0.22056  2.54   39154    8636  174528   445066  11.37
1885-1889     70-74     0.07495  0.31603  2.52   30518    9644  128684   270538   8.86
1885-1889     75-79     0.11095  0.43186  2.44   20873    9014   81247   141854   6.80
1885-1889     80-84     0.16637  0.57769  2.36   11859    6851   41178    60607   5.11
1885-1889     85-89     0.23410  0.70354  2.16    5008    3523   15051    19429   3.88
1885-1889     90-94     0.32259  0.81622  1.97    1485    1212    3757     4377   2.95
1885-1889     95-99     0.43025  0.89822  1.76     273     245     570      621   2.27
1885-1889    100-104    0.54111  0.94491  1.56      28      26      48       51   1.83
1885-1889    105-109    0.64868  0.96975  1.39       2       1       2        2   1.54
1885-1889    110+       0.73097  1.00000  1.37       0       0       0        0   1.37
1890-1894        0      0.14538  0.13283  0.35  100000   13283   91366  4714234  47.14
1890-1894      1-4      0.02506  0.09386  1.30   86717    8140  324864  4622868  53.31
1890-1894      5-9      0.00483  0.02380  2.02   78577    1870  387305  4298004  54.70
1890-1894     10-14     0.00277  0.01377  2.56   76707    1056  380962  3910699  50.98
1890-1894     15-19     0.00402  0.01990  2.63   75651    1505  374686  3529736  46.66
1890-1894     20-24     0.00498  0.02459  2.57   74146    1823  366296  3155050  42.55
1890-1894     25-29     0.00612  0.03014  2.56   72323    2180  356297  2788754  38.56
1890-1894     30-34     0.00757  0.03719  2.59   70143    2609  344429  2432456  34.68
1890-1894     35-39     0.00957  0.04674  2.56   67535    3157  329962  2088027  30.92
1890-1894     40-44     0.01148  0.05584  2.56   64378    3595  313102  1758065  27.31
1890-1894     45-49     0.01400  0.06769  2.55   60783    4114  293830  1444963  23.77
1890-1894     50-54     0.01737  0.08335  2.58   56669    4723  271924  1151133  20.31
1890-1894     55-59     0.02492  0.11759  2.61   51945    6108  245096   879209  16.93
1890-1894     60-64     0.03564  0.16406  2.58   45837    7520  210965   634112  13.83
1890-1894     65-69     0.05433  0.23982  2.56   38317    9189  169146   423147  11.04
1890-1894     70-74     0.07702  0.32244  2.48   29128    9392  121939   254002   8.72
1890-1894     75-79     0.11273  0.43804  2.46   19736    8645   76685   132062   6.69
1890-1894     80-84     0.17074  0.58784  2.35   11091    6520   38184    55377   4.99
1890-1894     85-89     0.24185  0.71631  2.15    4571    3274   13539    17193   3.76
1890-1894     90-94     0.33911  0.83359  1.95    1297    1081    3188     3655   2.82
1890-1894     95-99     0.45348  0.91097  1.72     216     197     434      467   2.16
1890-1894    100-104    0.56989  0.95337  1.51      19      18      32       33   1.74
1890-1894    105-109    0.67983  0.97476  1.34       1       1       1        1   1.47
1890-1894    110+       0.76194  1.00000  1.31       0       0       0        0   1.31
1895-1899        0      0.15664  0.14217  0.35  100000   14217   90759  4839165  48.39
1895-1899      1-4      0.02313  0.08702  1.27   85783    7465  322725  4748405  55.35
1895-1899      5-9      0.00421  0.02081  2.03   78318    1630  386754  4425680  56.51
1895-1899     10-14     0.00240  0.01191  2.54   76688     913  381194  4038926  52.67
1895-1899     15-19     0.00332  0.01649  2.63   75775    1249  375910  3657732  48.27
1895-1899     20-24     0.00427  0.02113  2.57   74526    1575  368793  3281822  44.04
1895-1899     25-29     0.00514  0.02536  2.58   72950    1850  360280  2913030  39.93
1895-1899     30-34     0.00646  0.03181  2.57   71100    2262  350004  2552750  35.90
1895-1899     35-39     0.00820  0.04020  2.59   68838    2767  337530  2202746  32.00
1895-1899     40-44     0.01031  0.05030  2.56   66071    3323  322232  1865216  28.23
1895-1899     45-49     0.01254  0.06084  2.57   62748    3818  304471  1542984  24.59
1895-1899     50-54     0.01667  0.08013  2.58   58930    4722  283230  1238513  21.02
1895-1899     55-59     0.02216  0.10520  2.59   54208    5703  257291   955282  17.62
1895-1899     60-64     0.03344  0.15480  2.61   48505    7509  224569   697991  14.39
1895-1899     65-69     0.04906  0.21893  2.54   40997    8975  182937   473423  11.55
1895-1899     70-74     0.07217  0.30598  2.52   32021    9798  135762   290486   9.07
1895-1899     75-79     0.10492  0.41349  2.44   22223    9189   87582   154724   6.96
1895-1899     80-84     0.16525  0.57594  2.37   13034    7507   45429    67142   5.15
1895-1899     85-89     0.23007  0.69735  2.18    5527    3854   16753    21712   3.93
1895-1899     90-94     0.32049  0.81455  1.98    1673    1363    4252     4959   2.96
1895-1899     95-99     0.42864  0.89736  1.76     310     278     649      708   2.28
1895-1899    100-104    0.53999  0.94460  1.56      32      30      56       58   1.83
1895-1899    105-109    0.64812  0.96968  1.39       2       2       3        3   1.54
1895-1899    110+       0.73084  1.00000  1.37       0       0       0        0   1.37
1900-1904        0      0.13986  0.12821  0.35  100000   12821   91667  5043276  50.43
1900-1904      1-4      0.02013  0.07636  1.30   87179    6657  330738  4951609  56.80
1900-1904      5-9      0.00399  0.01970  2.02   80522    1586  397884  4620871  57.39
1900-1904     10-14     0.00230  0.01145  2.55   78936     904  392461  4222987  53.50
1900-1904     15-19     0.00307  0.01526  2.62   78032    1191  387324  3830526  49.09
1900-1904     20-24     0.00380  0.01884  2.57   76841    1447  380683  3443201  44.81
1900-1904     25-29     0.00462  0.02286  2.57   75394    1723  372774  3062519  40.62
1900-1904     30-34     0.00585  0.02884  2.60   73670    2124  363261  2689744  36.51
1900-1904     35-39     0.00760  0.03732  2.56   71546    2670  351227  2326483  32.52
1900-1904     40-44     0.00941  0.04598  2.59   68876    3167  336733  1975256  28.68
1900-1904     45-49     0.01204  0.05847  2.57   65709    3842  319196  1638523  24.94
1900-1904     50-54     0.01574  0.07587  2.61   61867    4694  298114  1319328  21.33
1900-1904     55-59     0.02242  0.10635  2.59   57173    6080  271193  1021214  17.86
1900-1904     60-64     0.03095  0.14400  2.59   51093    7357  237740   750021  14.68
1900-1904     65-69     0.04746  0.21289  2.58   43736    9311  196173   512281  11.71
1900-1904     70-74     0.07064  0.30035  2.51   34425   10339  146364   316108   9.18
1900-1904     75-79     0.10530  0.41550  2.46   24085   10007   95036   169744   7.05
1900-1904     80-84     0.16118  0.56541  2.36   14078    7960   49385    74708   5.31
1900-1904     85-89     0.21920  0.67746  2.18    6118    4145   18909    25323   4.14
1900-1904     90-94     0.28965  0.77753  2.02    1973    1534    5297     6414   3.25
1900-1904     95-99     0.38194  0.86573  1.84     439     380     995     1117   2.54
1900-1904    100-104    0.47731  0.92038  1.66      59      54     114      122   2.07
1900-1904    105-109    0.57466  0.95353  1.50       5       4       8        8   1.73
1900-1904    110+       0.65227  1.00000  1.53       0       0       0        0   1.53
1905-1909        0      0.11668  0.10846  0.35  100000   10846   92950  5327628  53.28
1905-1909      1-4      0.01686  0.06452  1.30   89154    5752  341084  5234678  58.71
1905-1909      5-9      0.00355  0.01757  2.08   83402    1465  412728  4893593  58.67
1905-1909     10-14     0.00214  0.01066  2.53   81937     873  407525  4480866  54.69
1905-1909     15-19     0.00280  0.01392  2.61   81064    1128  402618  4073341  50.25
1905-1909     20-24     0.00345  0.01711  2.56   79936    1368  396344  3670723  45.92
1905-1909     25-29     0.00410  0.02028  2.57   78568    1594  388973  3274379  41.68
1905-1909     30-34     0.00504  0.02490  2.57   76974    1917  380206  2885406  37.49
1905-1909     35-39     0.00641  0.03159  2.61   75057    2371  369611  2505200  33.38
1905-1909     40-44     0.00832  0.04078  2.56   72686    2964  356208  2135589  29.38
1905-1909     45-49     0.01068  0.05207  2.61   69722    3631  339940  1779381  25.52
1905-1909     50-54     0.01465  0.07073  2.59   66092    4675  319172  1439441  21.78
1905-1909     55-59     0.02036  0.09711  2.62   61417    5964  292879  1120269  18.24
1905-1909     60-64     0.03016  0.14057  2.59   55453    7795  258442   827390  14.92
1905-1909     65-69     0.04435  0.20021  2.58   47658    9542  215166   568949  11.94
1905-1909     70-74     0.06835  0.29264  2.54   38116   11154  163185   353783   9.28
1905-1909     75-79     0.10474  0.41337  2.45   26962   11145  106405   190598   7.07
1905-1909     80-84     0.15783  0.55735  2.36   15817    8815   55854    84193   5.32
1905-1909     85-89     0.22027  0.68105  2.20    7001    4768   21647    28339   4.05
1905-1909     90-94     0.31724  0.81225  2.00    2233    1814    5717     6692   3.00
1905-1909     95-99     0.42019  0.89263  1.78     419     374     891      974   2.32
1905-1909    100-104    0.53290  0.94248  1.57      45      42      80       84   1.86
1905-1909    105-109    0.64300  0.96886  1.39       3       3       4        4   1.55
1905-1909    110+       0.72741  1.00000  1.37       0       0       0        0   1.37
1910-1914        0      0.10356  0.09696  0.34  100000    9696   93629  5544070  55.44
1910-1914      1-4      0.01505  0.05785  1.29   90304    5224  347042  5450440  60.36
1910-1914      5-9      0.00321  0.01592  2.05   85080    1354  421401  5103398  59.98
1910-1914     10-14     0.00204  0.01015  2.58   83726     850  416573  4681998  55.92
1910-1914     15-19     0.00267  0.01325  2.58   82876    1098  411722  4265424  51.47
1910-1914     20-24     0.00317  0.01573  2.56   81778    1286  405747  3853702  47.12
1910-1914     25-29     0.00368  0.01823  2.58   80491    1467  398905  3447955  42.84
1910-1914     30-34     0.00448  0.02217  2.59   79024    1752  390895  3049050  38.58
1910-1914     35-39     0.00579  0.02853  2.61   77272    2205  381100  2658155  34.40
1910-1914     40-44     0.00726  0.03566  2.60   75067    2677  368904  2277055  30.33
1910-1914     45-49     0.00970  0.04738  2.61   72390    3430  353756  1908151  26.36
1910-1914     50-54     0.01332  0.06459  2.65   68960    4454  334315  1554395  22.54
1910-1914     55-59     0.01854  0.08880  2.62   64506    5728  308892  1220080  18.91
1910-1914     60-64     0.02746  0.12890  2.63   58778    7577  275965   911189  15.50
1910-1914     65-69     0.03954  0.18039  2.57   51202    9236  233594   635223  12.41
1910-1914     70-74     0.06657  0.28671  2.58   41965   12032  180752   401629   9.57
1910-1914     75-79     0.09864  0.39378  2.44   29933   11787  119492   220877   7.38
1910-1914     80-84     0.14561  0.52792  2.40   18146    9580   65789   101385   5.59
1910-1914     85-89     0.21666  0.67502  2.21    8566    5783   26689    35596   4.16
1910-1914     90-94     0.29237  0.78549  2.05    2784    2187    7479     8907   3.20
1910-1914     95-99     0.40731  0.88497  1.81     597     528    1297     1428   2.39
1910-1914    100-104    0.52194  0.93903  1.59      69      65     124      130   1.89
1910-1914    105-109    0.63496  0.96752  1.41       4       4       6        7   1.57
1910-1914    110+       0.72194  1.00000  1.39       0       0       0        0   1.39
1915-1919        0      0.08711  0.08208  0.30  100000    8208   94229  5499833  55.00
1915-1919      1-4      0.01574  0.06047  1.38   91792    5550  352637  5405605  58.89
1915-1919      5-9      0.00394  0.01949  2.08   86242    1681  426300  5052967  58.59
1915-1919     10-14     0.00262  0.01302  2.61   84561    1101  420174  4626668  54.71
1915-1919     15-19     0.00374  0.01855  2.57   83460    1548  413542  4206494  50.40
1915-1919     20-24     0.00450  0.02226  2.57   81912    1823  405139  3792952  46.31
1915-1919     25-29     0.00539  0.02658  2.54   80089    2129  395203  3387813  42.30
1915-1919     30-34     0.00558  0.02751  2.49   77960    2145  384427  2992610  38.39
1915-1919     35-39     0.00614  0.03027  2.58   75816    2295  373513  2608182  34.40
1915-1919     40-44     0.00718  0.03530  2.56   73520    2595  361267  2234670  30.40
1915-1919     45-49     0.00938  0.04586  2.64   70925    3253  346952  1873403  26.41
1915-1919     50-54     0.01301  0.06308  2.61   67672    4269  328146  1526451  22.56
1915-1919     55-59     0.01778  0.08534  2.65   63403    5411  304321  1198305  18.90
1915-1919     60-64     0.02640  0.12423  2.63   57993    7204  272880   893984  15.42
1915-1919     65-69     0.04021  0.18340  2.61   50788    9315  231671   621104  12.23
1915-1919     70-74     0.06532  0.28238  2.60   41473   11711  179291   389433   9.39
1915-1919     75-79     0.10538  0.41468  2.43   29762   12342  117121   210142   7.06
1915-1919     80-84     0.15216  0.54501  2.40   17420    9494   62397    93021   5.34
1915-1919     85-89     0.23586  0.70772  2.17    7926    5609   23782    30624   3.86
1915-1919     90-94     0.31855  0.81129  1.98    2317    1879    5900     6841   2.95
1915-1919     95-99     0.45541  0.91290  1.72     437     399     876      941   2.15
1915-1919    100-104    0.58252  0.95712  1.49      38      36      63       65   1.70
1915-1919    105-109    0.70056  0.97781  1.31       2       2       2        2   1.42
1915-1919    110+       0.78646  1.00000  1.27       0       0       0        0   1.27
1920-1924        0      0.07104  0.06746  0.25  100000    6746   94954  6013825  60.14
1920-1924      1-4      0.01006  0.03920  1.33   93254    3656  363246  5918872  63.47
1920-1924      5-9      0.00262  0.01299  2.11   89599    1164  444629  5555625  62.01
1920-1924     10-14     0.00180  0.00895  2.59   88435     791  440270  5110997  57.79
1920-1924     15-19     0.00258  0.01284  2.61   87643    1126  435522  4670727  53.29
1920-1924     20-24     0.00316  0.01566  2.55   86518    1355  429267  4235205  48.95
1920-1924     25-29     0.00355  0.01759  2.54   85163    1498  422130  3805938  44.69
1920-1924     30-34     0.00391  0.01936  2.54   83665    1620  414350  3383808  40.44
1920-1924     35-39     0.00466  0.02304  2.56   82046    1890  405626  2969458  36.19
1920-1924     40-44     0.00565  0.02785  2.58   80156    2232  395381  2563831  31.99
1920-1924     45-49     0.00747  0.03671  2.63   77924    2860  382835  2168450  27.83
1920-1924     50-54     0.01054  0.05144  2.65   75063    3862  366258  1785615  23.79
1920-1924     55-59     0.01501  0.07251  2.65   71202    5163  343852  1419358  19.93
1920-1924     60-64     0.02306  0.10942  2.66   66039    7226  313319  1075505  16.29
1920-1924     65-69     0.03579  0.16485  2.61   58813    9695  270916   762187  12.96
1920-1924     70-74     0.05839  0.25605  2.60   49118   12577  215389   491270  10.00
1920-1924     75-79     0.09392  0.37982  2.48   36541   13879  147778   275881   7.55
1920-1924     80-84     0.14211  0.52046  2.43   22662   11795   82999   128103   5.65
1920-1924     85-89     0.21627  0.67456  2.21   10867    7331   33896    45104   4.15
1920-1924     90-94     0.29428  0.78684  2.04    3537    2783    9456    11209   3.17
1920-1924     95-99     0.41957  0.89317  1.79     754     673    1605     1752   2.32
1920-1924    100-104    0.54127  0.94568  1.56      81      76     141      147   1.83
1920-1924    105-109    0.65908  0.97185  1.37       4       4       6        7   1.51
1920-1924    110+       0.74794  1.00000  1.34       0       0       0        0   1.34
1925-1929        0      0.06343  0.06048  0.23  100000    6048   95347  6132296  61.32
1925-1929      1-4      0.00891  0.03481  1.31   93952    3271  367005  6036949  64.26
1925-1929      5-9      0.00227  0.01129  2.11   90682    1024  450455  5669944  62.53
1925-1929     10-14     0.00155  0.00774  2.62   89658     694  446640  5219488  58.22
1925-1929     15-19     0.00243  0.01208  2.64   88964    1074  442282  4772848  53.65
1925-1929     20-24     0.00297  0.01476  2.55   87890    1297  436266  4330566  49.27
1925-1929     25-29     0.00327  0.01619  2.52   86593    1402  429483  3894300  44.97
1925-1929     30-34     0.00351  0.01742  2.55   85190    1484  422312  3464817  40.67
1925-1929     35-39     0.00425  0.02102  2.60   83707    1759  414311  3042505  36.35
1925-1929     40-44     0.00529  0.02610  2.58   81947    2139  404564  2628193  32.07
1925-1929     45-49     0.00717  0.03525  2.66   79809    2813  392449  2223630  27.86
1925-1929     50-54     0.01020  0.04979  2.64   76995    3834  375928  1831181  23.78
1925-1929     55-59     0.01461  0.07062  2.66   73162    5167  353702  1455253  19.89
1925-1929     60-64     0.02234  0.10619  2.68   67995    7220  323190  1101551  16.20
1925-1929     65-69     0.03590  0.16532  2.61   60775   10047  279896   778361  12.81
1925-1929     70-74     0.05913  0.25915  2.62   50727   13146  222316   498465   9.83
1925-1929     75-79     0.09773  0.39179  2.47   37581   14724  150662   276149   7.35
1925-1929     80-84     0.14642  0.53080  2.41   22857   12133   82862   125487   5.49
1925-1929     85-89     0.22761  0.69445  2.19   10725    7448   32721    42624   3.97
1925-1929     90-94     0.31061  0.80520  2.01    3277    2639    8495     9903   3.02
1925-1929     95-99     0.44355  0.90693  1.74     638     579    1305     1408   2.21
1925-1929    100-104    0.57041  0.95410  1.51      59      57      99      103   1.74
1925-1929    105-109    0.68967  0.97641  1.33       3       3       4        4   1.45
1925-1929    110+       0.77723  1.00000  1.29       0       0       0        0   1.29
1930-1934        0      0.05575  0.05340  0.21  100000    5340   95777  6309977  63.10
1930-1934      1-4      0.00661  0.02598  1.42   94660    2459  372288  6214201  65.65
1930-1934      5-9      0.00214  0.01064  2.11   92201     981  458170  5841913  63.36
1930-1934     10-14     0.00143  0.00711  2.60   91219     648  454537  5383743  59.02
1930-1934     15-19     0.00227  0.01127  2.67   90571    1020  450478  4929205  54.42
1930-1934     20-24     0.00280  0.01389  2.54   89550    1244  444691  4478728  50.01
1930-1934     25-29     0.00304  0.01507  2.55   88307    1331  438269  4034036  45.68
1930-1934     30-34     0.00329  0.01632  2.56   86976    1420  431408  3595768  41.34
1930-1934     35-39     0.00394  0.01952  2.59   85556    1670  423751  3164360  36.99
1930-1934     40-44     0.00488  0.02410  2.58   83886    2022  414533  2740609  32.67
1930-1934     45-49     0.00672  0.03306  2.64   81864    2707  402940  2326076  28.41
1930-1934     50-54     0.00949  0.04642  2.65   79157    3674  387143  1923136  24.30
1930-1934     55-59     0.01375  0.06660  2.66   75483    5028  365672  1535993  20.35
1930-1934     60-64     0.02128  0.10136  2.68   70455    7142  335674  1170321  16.61
1930-1934     65-69     0.03362  0.15561  2.62   63314    9852  293080   834647  13.18
1930-1934     70-74     0.05605  0.24712  2.61   53461   13211  235705   541567  10.13
1930-1934     75-79     0.09189  0.37385  2.51   40250   15048  163747   305863   7.60
1930-1934     80-84     0.14108  0.51757  2.43   25202   13044   92456   142115   5.64
1930-1934     85-89     0.21968  0.67986  2.20   12158    8266   37628    49659   4.08
1930-1934     90-94     0.30261  0.79552  2.02    3892    3097   10233    12032   3.09
1930-1934     95-99     0.43216  0.90082  1.76     796     717    1659     1799   2.26
1930-1934    100-104    0.55870  0.95099  1.53      79      75     134      140   1.77
1930-1934    105-109    0.67904  0.97496  1.34       4       4       6        6   1.47
1930-1934    110+       0.76815  1.00000  1.30       0       0       0        0   1.30
1935-1939        0      0.05013  0.04818  0.19  100000    4818   96114  6511760  65.12
1935-1939      1-4      0.00448  0.01771  1.48   95182    1685  376473  6415647  67.40
1935-1939      5-9      0.00174  0.00868  2.14   93497     812  465160  6039174  64.59
1935-1939     10-14     0.00112  0.00559  2.59   92685     518  462177  5574014  60.14
1935-1939     15-19     0.00181  0.00900  2.65   92167     830  458879  5111837  55.46
1935-1939     20-24     0.00242  0.01204  2.56   91337    1100  453998  4652958  50.94
1935-1939     25-29     0.00257  0.01277  2.52   90237    1152  448331  4198959  46.53
1935-1939     30-34     0.00276  0.01371  2.54   89085    1221  442418  3750629  42.10
1935-1939     35-39     0.00336  0.01666  2.59   87864    1464  435785  3308211  37.65
1935-1939     40-44     0.00429  0.02124  2.60   86400    1835  427590  2872426  33.25
1935-1939     45-49     0.00604  0.02979  2.67   84565    2519  416950  2444836  28.91
1935-1939     50-54     0.00877  0.04296  2.64   82046    3525  401901  2027885  24.72
1935-1939     55-59     0.01273  0.06185  2.68   78521    4857  381358  1625985  20.71
1935-1939     60-64     0.02043  0.09752  2.68   73665    7184  351653  1244627  16.90
1935-1939     65-69     0.03235  0.15024  2.63   66481    9988  308758   892974  13.43
1935-1939     70-74     0.05351  0.23740  2.63   56493   13412  250637   584215  10.34
1935-1939     75-79     0.08869  0.36281  2.49   43081   15630  176229   333578   7.74
1935-1939     80-84     0.13772  0.50821  2.42   27451   13951  101300   157349   5.73
1935-1939     85-89     0.21321  0.66961  2.22   13500    9040   42398    56048   4.15
1935-1939     90-94     0.30719  0.80408  2.04    4460    3586   11675    13650   3.06
1935-1939     95-99     0.43198  0.90096  1.77     874     787    1823     1975   2.26
1935-1939    100-104    0.56094  0.95174  1.53      87      82     147      153   1.77
1935-1939    105-109    0.68321  0.97561  1.34       4       4       6        6   1.46
1935-1939    110+       0.77326  1.00000  1.29       0       0       0        0   1.29
1940-1944        0      0.04726  0.04551  0.19  100000    4551   96292  6630109  66.30
1940-1944      1-4      0.00366  0.01450  1.56   95449    1384  378416  6533817  68.45
1940-1944      5-9      0.00147  0.00730  2.14   94065     687  468366  6155401  65.44
1940-1944     10-14     0.00107  0.00536  2.62   93379     500  465705  5687036  60.90
1940-1944     15-19     0.00188  0.00934  2.67   92878     867  462369  5221331  56.22
1940-1944     20-24     0.00241  0.01197  2.52   92011    1101  457326  4758962  51.72
1940-1944     25-29     0.00254  0.01263  2.51   90910    1149  451691  4301636  47.32
1940-1944     30-34     0.00264  0.01311  2.53   89762    1176  445901  3849945  42.89
1940-1944     35-39     0.00306  0.01519  2.59   88585    1346  439682  3404044  38.43
1940-1944     40-44     0.00398  0.01970  2.61   87239    1719  432084  2964362  33.98
1940-1944     45-49     0.00570  0.02812  2.65   85520    2404  421952  2532277  29.61
1940-1944     50-54     0.00810  0.03976  2.65   83116    3304  407814  2110326  25.39
1940-1944     55-59     0.01179  0.05738  2.67   79811    4580  388385  1702512  21.33
1940-1944     60-64     0.01835  0.08802  2.68   75232    6622  360782  1314127  17.47
1940-1944     65-69     0.02994  0.13982  2.64   68610    9593  320368   953345  13.90
1940-1944     70-74     0.04957  0.22174  2.62   59017   13087  263995   632977  10.73
1940-1944     75-79     0.08250  0.34289  2.54   45930   15749  190908   368982   8.03
1940-1944     80-84     0.13108  0.49114  2.45   30181   14823  113083   178073   5.90
1940-1944     85-89     0.20826  0.66145  2.24   15358   10159   48778    64990   4.23
1940-1944     90-94     0.29934  0.79476  2.05    5199    4132   13805    16213   3.12
1940-1944     95-99     0.43258  0.90176  1.77    1067     962    2225     2408   2.26
1940-1944    100-104    0.56631  0.95344  1.52     105     100     177      184   1.75
1940-1944    105-109    0.69221  0.97694  1.33       5       5       7        7   1.44
1940-1944    110+       0.78385  1.00000  1.28       0       0       0        0   1.28
1945-1949        0      0.03522  0.03419  0.15  100000    3419   97099  6979412  69.79
1945-1949      1-4      0.00180  0.00718  1.52   96581     693  384602  6882313  71.26
1945-1949      5-9      0.00073  0.00366  2.21   95887     351  478456  6497711  67.76
1945-1949     10-14     0.00062  0.00310  2.65   95536     296  476986  6019255  63.01
1945-1949     15-19     0.00118  0.00588  2.75   95240     560  474940  5542268  58.19
1945-1949     20-24     0.00173  0.00862  2.56   94681     816  471412  5067328  53.52
1945-1949     25-29     0.00184  0.00917  2.49   93864     861  467158  4595916  48.96
1945-1949     30-34     0.00196  0.00973  2.53   93004     905  462787  4128758  44.39
1945-1949     35-39     0.00231  0.01148  2.59   92099    1057  457944  3665970  39.80
1945-1949     40-44     0.00306  0.01521  2.64   91041    1384  451943  3208027  35.24
1945-1949     45-49     0.00459  0.02272  2.67   89657    2037  443545  2756083  30.74
1945-1949     50-54     0.00680  0.03345  2.65   87620    2931  431198  2312538  26.39
1945-1949     55-59     0.01011  0.04939  2.69   84689    4183  413790  1881340  22.21
1945-1949     60-64     0.01612  0.07770  2.68   80506    6256  387994  1467550  18.23
1945-1949     65-69     0.02619  0.12343  2.68   74251    9164  349985  1079555  14.54
1945-1949     70-74     0.04557  0.20578  2.64   65086   13394  293884   729571  11.21
1945-1949     75-79     0.07649  0.32205  2.55   51692   16648  217653   435686   8.43
1945-1949     80-84     0.12154  0.46485  2.47   35045   16291  134034   218033   6.22
1945-1949     85-89     0.19328  0.63243  2.27   18754   11861   61366    83999   4.48
1945-1949     90-94     0.28173  0.77169  2.07    6894    5320   18882    22633   3.28
1945-1949     95-99     0.40770  0.88700  1.82    1574    1396    3424     3750   2.38
1945-1949    100-104    0.53941  0.94579  1.57     178     168     312      326   1.83
1945-1949    105-109    0.66692  0.97340  1.36      10       9      14       14   1.49
1945-1949    110+       0.76181  1.00000  1.31       0       0       0        0   1.31
1950-1954        0      0.02455  0.02403  0.12  100000    2403   97889  7209822  72.10
1950-1954      1-4      0.00113  0.00450  1.52   97597     439  389301  7111933  72.87
1950-1954      5-9      0.00042  0.00208  2.22   97158     202  485229  6722631  69.19
1950-1954     10-14     0.00035  0.00177  2.59   96956     172  484368  6237402  64.33
1950-1954     15-19     0.00057  0.00286  2.70   96785     276  483288  5753034  59.44
1950-1954     20-24     0.00081  0.00405  2.61   96508     391  481608  5269746  54.60
1950-1954     25-29     0.00105  0.00525  2.60   96117     505  479376  4788138  49.82
1950-1954     30-34     0.00131  0.00655  2.58   95612     626  476549  4308762  45.06
1950-1954     35-39     0.00177  0.00880  2.63   94986     836  472949  3832213  40.35
1950-1954     40-44     0.00256  0.01272  2.66   94150    1197  467953  3359264  35.68
1950-1954     45-49     0.00401  0.01989  2.69   92953    1848  460486  2891311  31.11
1950-1954     50-54     0.00610  0.03005  2.67   91104    2738  449149  2430826  26.68
1950-1954     55-59     0.00941  0.04603  2.69   88367    4068  432425  1981677  22.43
1950-1954     60-64     0.01520  0.07342  2.69   84299    6189  407201  1549252  18.38
1950-1954     65-69     0.02542  0.12004  2.69   78110    9376  368853  1142051  14.62
1950-1954     70-74     0.04376  0.19851  2.67   68734   13644  311812   773198  11.25
1950-1954     75-79     0.07640  0.32213  2.57   55089   17746  232281   461386   8.38
1950-1954     80-84     0.12399  0.47184  2.47   37343   17620  142107   229105   6.14
1950-1954     85-89     0.19723  0.64032  2.26   19723   12629   64033    86998   4.41
1950-1954     90-94     0.28684  0.77975  2.07    7094    5532   19284    22964   3.24
1950-1954     95-99     0.41297  0.89026  1.81    1563    1391    3368     3680   2.36
1950-1954    100-104    0.54479  0.94739  1.56     171     162     298      312   1.82
1950-1954    105-109    0.67171  0.97410  1.36       9       9      13       13   1.48
1950-1954    110+       0.76581  1.00000  1.31       0       0       0        0   1.31
1955-1959        0      0.02078  0.02040  0.11  100000    2040   98187  7353708  73.54
1955-1959      1-4      0.00085  0.00339  1.57   97960     332  391035  7255521  74.07
1955-1959      5-9      0.00034  0.00170  2.19   97628     166  487676  6864486  70.31
1955-1959     10-14     0.00028  0.00140  2.60   97463     136  486986  6376811  65.43
1955-1959     15-19     0.00038  0.00188  2.67   97326     183  486206  5889824  60.52
1955-1959     20-24     0.00054  0.00268  2.63   97144     261  485101  5403618  55.63
1955-1959     25-29     0.00070  0.00351  2.63   96883     340  483610  4918517  50.77
1955-1959     30-34     0.00099  0.00493  2.65   96543     476  481596  4434907  45.94
1955-1959     35-39     0.00146  0.00729  2.67   96067     701  478705  3953311  41.15
1955-1959     40-44     0.00226  0.01122  2.68   95366    1070  474351  3474606  36.43
1955-1959     45-49     0.00357  0.01770  2.69   94297    1669  467625  3000256  31.82
1955-1959     50-54     0.00551  0.02721  2.67   92627    2521  457252  2532631  27.34
1955-1959     55-59     0.00854  0.04188  2.68   90107    3774  441791  2075378  23.03
1955-1959     60-64     0.01403  0.06795  2.69   86333    5867  418115  1633587  18.92
1955-1959     65-69     0.02344  0.11114  2.67   80467    8943  381481  1215472  15.11
1955-1959     70-74     0.04079  0.18621  2.66   71523   13318  326519   833991  11.66
1955-1959     75-79     0.07046  0.30093  2.58   58205   17516  248603   507472   8.72
1955-1959     80-84     0.11677  0.45122  2.48   40689   18360  157229   258868   6.36
1955-1959     85-89     0.18912  0.62543  2.29   22330   13966   73844   101639   4.55
1955-1959     90-94     0.27739  0.76751  2.09    8364    6419   23142    27795   3.32
1955-1959     95-99     0.40569  0.88603  1.82    1945    1723    4247     4653   2.39
1955-1959    100-104    0.54021  0.94622  1.57     222     210     388      406   1.83
1955-1959    105-109    0.67027  0.97398  1.36      12      12      17       18   1.49
1955-1959    110+       0.76658  1.00000  1.30       0       0       0        0   1.30
1960-1964        0      0.01902  0.01870  0.11  100000    1870   98328  7415450  74.15
1960-1964      1-4      0.00077  0.00309  1.60   98130     303  391791  7317122  74.57
1960-1964      5-9      0.00032  0.00162  2.25   97827     158  488700  6925331  70.79
1960-1964     10-14     0.00025  0.00123  2.58   97669     120  488052  6436631  65.90
1960-1964     15-19     0.00037  0.00186  2.68   97548     181  487321  5948579  60.98
1960-1964     20-24     0.00047  0.00235  2.55   97367     228  486276  5461258  56.09
1960-1964     25-29     0.00060  0.00300  2.63   97139     291  485005  4974982  51.22
1960-1964     30-34     0.00087  0.00433  2.65   96848     419  483253  4489977  46.36
1960-1964     35-39     0.00135  0.00671  2.71   96429     647  480663  4006723  41.55
1960-1964     40-44     0.00219  0.01088  2.70   95781    1042  476512  3526061  36.81
1960-1964     45-49     0.00348  0.01725  2.68   94739    1634  469913  3049549  32.19
1960-1964     50-54     0.00531  0.02622  2.67   93105    2441  459836  2579637  27.71
1960-1964     55-59     0.00811  0.03982  2.68   90664    3610  444956  2119801  23.38
1960-1964     60-64     0.01351  0.06551  2.68   87054    5703  422051  1674845  19.24
1960-1964     65-69     0.02257  0.10725  2.68   81350    8725  386542  1252794  15.40
1960-1964     70-74     0.03905  0.17887  2.66   72626   12991  332678   866252  11.93
1960-1964     75-79     0.06716  0.28893  2.58   59635   17231  256560   533573   8.95
1960-1964     80-84     0.11233  0.43826  2.49   42405   18584  165448   277013   6.53
1960-1964     85-89     0.18155  0.60915  2.30   23820   14510   79922   111565   4.68
1960-1964     90-94     0.27061  0.76031  2.12    9310    7079   26158    31643   3.40
1960-1964     95-99     0.39382  0.87819  1.85    2232    1960    4976     5486   2.46
1960-1964    100-104    0.52728  0.94215  1.59     272     256     486      510   1.87
1960-1964    105-109    0.65804  0.97213  1.38      16      15      23       24   1.51
1960-1964    110+       0.75590  1.00000  1.32       0       0       1        1   1.32
1965-1969        0      0.01618  0.01595  0.10  100000    1595   98562  7494333  74.94
1965-1969      1-4      0.00072  0.00288  1.59   98405     284  392936  7395772  75.16
1965-1969      5-9      0.00029  0.00144  2.32   98121     141  490227  7002835  71.37
1965-1969     10-14     0.00026  0.00128  2.58   97980     125  489595  6512609  66.47
1965-1969     15-19     0.00039  0.00196  2.65   97854     192  488820  6023013  61.55
1965-1969     20-24     0.00044  0.00219  2.59   97662     214  487795  5534193  56.67
1965-1969     25-29     0.00055  0.00277  2.61   97448     270  486596  5046398  51.79
1965-1969     30-34     0.00077  0.00385  2.67   97178     374  485020  4559802  46.92
1965-1969     35-39     0.00125  0.00622  2.71   96804     602  482644  4074782  42.09
1965-1969     40-44     0.00212  0.01056  2.69   96203    1016  478671  3592138  37.34
1965-1969     45-49     0.00343  0.01702  2.68   95187    1620  472177  3113467  32.71
1965-1969     50-54     0.00529  0.02611  2.67   93567    2443  462133  2641289  28.23
1965-1969     55-59     0.00798  0.03919  2.67   91124    3571  447309  2179157  23.91
1965-1969     60-64     0.01275  0.06194  2.68   87553    5423  425207  1731847  19.78
1965-1969     65-69     0.02130  0.10147  2.67   82129    8334  391252  1306640  15.91
1965-1969     70-74     0.03671  0.16906  2.67   73796   12476  339857   915388  12.40
1965-1969     75-79     0.06192  0.26912  2.57   61320   16502  266516   575531   9.39
1965-1969     80-84     0.10367  0.41180  2.50   44817   18456  178017   309016   6.90
1965-1969     85-89     0.16762  0.57941  2.34   26362   15274   91125   130999   4.97
1965-1969     90-94     0.25294  0.73455  2.15   11087    8144   32198    39873   3.60
1965-1969     95-99     0.36887  0.85989  1.90    2943    2531    6861     7675   2.61
1965-1969    100-104    0.49917  0.93220  1.64     412     384     770      814   1.97
1965-1969    105-109    0.63050  0.96744  1.42      28      27      43       44   1.58
1965-1969    110+       0.73104  1.00000  1.37       1       1       1        1   1.37
1970-1974        0      0.01486  0.01467  0.09  100000    1467   98672  7542217  75.42
1970-1974      1-4      0.00064  0.00255  1.59   98533     251  393528  7443545  75.54
1970-1974      5-9      0.00027  0.00137  2.30   98282     134  491048  7050018  71.73
1970-1974     10-14     0.00022  0.00111  2.50   98148     109  490467  6558970  66.83
1970-1974     15-19     0.00038  0.00191  2.66   98039     187  489755  6068502  61.90
1970-1974     20-24     0.00043  0.00216  2.47   97852     211  488723  5578747  57.01
1970-1974     25-29     0.00049  0.00242  2.60   97640     237  487635  5090024  52.13
1970-1974     30-34     0.00069  0.00344  2.68   97404     335  486241  4602389  47.25
1970-1974     35-39     0.00114  0.00567  2.70   97069     551  484079  4116149  42.40
1970-1974     40-44     0.00200  0.00997  2.69   96518     962  480372  3632070  37.63
1970-1974     45-49     0.00344  0.01707  2.69   95556    1631  474017  3151698  32.98
1970-1974     50-54     0.00531  0.02625  2.64   93925    2465  463805  2677681  28.51
1970-1974     55-59     0.00797  0.03911  2.67   91460    3577  448955  2213876  24.21
1970-1974     60-64     0.01240  0.06024  2.65   87882    5294  426987  1764921  20.08
1970-1974     65-69     0.02028  0.09683  2.67   82588    7997  394319  1337934  16.20
1970-1974     70-74     0.03484  0.16104  2.65   74591   12012  344779   943614  12.65
1970-1974     75-79     0.05967  0.26085  2.59   62579   16324  273563   598835   9.57
1970-1974     80-84     0.10013  0.40079  2.51   46255   18538  185136   325272   7.03
1970-1974     85-89     0.16277  0.56852  2.35   27716   15757   96806   140136   5.06
1970-1974     90-94     0.25077  0.73283  2.16   11959    8764   34949    43330   3.62
1970-1974     95-99     0.36629  0.85814  1.90    3195    2742    7485     8381   2.62
1970-1974    100-104    0.49868  0.93219  1.64     453     423     847      896   1.98
1970-1974    105-109    0.63223  0.96784  1.42      31      30      47       48   1.57
1970-1974    110+       0.73422  1.00000  1.36       1       1       1        1   1.36
1975-1979        0      0.01227  0.01213  0.09  100000    1213   98893  7615482  76.15
1975-1979      1-4      0.00051  0.00202  1.60   98787     199  394667  7516590  76.09
1975-1979      5-9      0.00023  0.00113  2.33   98587     112  492637  7121923  72.24
1975-1979     10-14     0.00020  0.00100  2.61   98475      99  492142  6629285  67.32
1975-1979     15-19     0.00035  0.00173  2.66   98377     170  491488  6137143  62.38
1975-1979     20-24     0.00040  0.00202  2.55   98207     198  490550  5645656  57.49
1975-1979     25-29     0.00048  0.00238  2.60   98009     233  489484  5155106  52.60
1975-1979     30-34     0.00065  0.00327  2.69   97776     319  488142  4665623  47.72
1975-1979     35-39     0.00105  0.00525  2.71   97457     512  486112  4177480  42.87
1975-1979     40-44     0.00181  0.00904  2.73   96945     876  482730  3691369  38.08
1975-1979     45-49     0.00314  0.01558  2.73   96069    1497  476949  3208638  33.40
1975-1979     50-54     0.00514  0.02540  2.65   94572    2403  467220  2731689  28.88
1975-1979     55-59     0.00783  0.03846  2.64   92169    3545  452490  2264469  24.57
1975-1979     60-64     0.01218  0.05920  2.67   88625    5247  430890  1811979  20.45
1975-1979     65-69     0.01937  0.09267  2.66   83378    7726  398780  1381090  16.56
1975-1979     70-74     0.03248  0.15090  2.66   75651   11416  351524   982309  12.98
1975-1979     75-79     0.05605  0.24714  2.61   64236   15875  283255   630786   9.82
1975-1979     80-84     0.09637  0.38902  2.52   48360   18813  195208   347531   7.19
1975-1979     85-89     0.15793  0.55744  2.36   29547   16471  104291   152323   5.16
1975-1979     90-94     0.24628  0.72547  2.17   13077    9487   38520    48032   3.67
1975-1979     95-99     0.36204  0.85497  1.91    3590    3069    8478     9512   2.65
1975-1979    100-104    0.49597  0.93130  1.65     521     485     978     1034   1.99
1975-1979    105-109    0.63149  0.96778  1.42      36      35      55       56   1.58
1975-1979    110+       0.73495  1.00000  1.36       1       1       2        2   1.36
1980-1984        0      0.00947  0.00939  0.08  100000     939   99136  7722820  77.23
1980-1984      1-4      0.00042  0.00166  1.55   99061     165  395842  7623684  76.96
1980-1984      5-9      0.00019  0.00096  2.34   98897      95  494231  7227843  73.08
1980-1984     10-14     0.00019  0.00094  2.56   98802      93  493783  6733612  68.15
1980-1984     15-19     0.00031  0.00155  2.63   98709     153  493181  6239829  63.21
1980-1984     20-24     0.00034  0.00170  2.52   98556     168  492363  5746647  58.31
1980-1984     25-29     0.00043  0.00213  2.58   98388     210  491432  5254284  53.40
1980-1984     30-34     0.00059  0.00293  2.66   98178     288  490218  4762852  48.51
1980-1984     35-39     0.00093  0.00462  2.70   97890     452  488409  4272635  43.65
1980-1984     40-44     0.00154  0.00768  2.72   97438     748  485485  3784226  38.84
1980-1984     45-49     0.00270  0.01343  2.72   96690    1299  480494  3298740  34.12
1980-1984     50-54     0.00457  0.02259  2.71   95391    2155  472019  2818246  29.54
1980-1984     55-59     0.00745  0.03663  2.67   93236    3415  458230  2346227  25.16
1980-1984     60-64     0.01179  0.05736  2.65   89821    5152  436979  1887997  21.02
1980-1984     65-69     0.01838  0.08808  2.65   84669    7458  405838  1451018  17.14
1980-1984     70-74     0.03019  0.14095  2.65   77211   10883  360444  1045180  13.54
1980-1984     75-79     0.05092  0.22696  2.61   66328   15054  295614   684736  10.32
1980-1984     80-84     0.08800  0.36163  2.54   51274   18542  210717   389122   7.59
1980-1984     85-89     0.14595  0.52906  2.40   32732   17317  118654   178405   5.45
1980-1984     90-94     0.23026  0.70027  2.20   15414   10794   46878    59751   3.88
1980-1984     95-99     0.34192  0.83792  1.96    4620    3871   11322    12873   2.79
1980-1984    100-104    0.47452  0.92261  1.69     749     691    1456     1550   2.07
1980-1984    105-109    0.61169  0.96405  1.45      58      56      91       94   1.63
1980-1984    110+       0.71804  1.00000  1.39       2       2       3        3   1.39
1985-1989        0      0.00795  0.00789  0.08  100000     789   99270  7800228  78.00
1985-1989      1-4      0.00039  0.00155  1.57   99211     154  396470  7700957  77.62
1985-1989      5-9      0.00016  0.00081  2.39   99057      80  495075  7304488  73.74
1985-1989     10-14     0.00017  0.00083  2.69   98977      82  494694  6809412  68.80
1985-1989     15-19     0.00029  0.00145  2.69   98895     144  494140  6314719  63.85
1985-1989     20-24     0.00032  0.00158  2.50   98751     156  493363  5820579  58.94
1985-1989     25-29     0.00037  0.00184  2.64   98594     181  492544  5327215  54.03
1985-1989     30-34     0.00057  0.00283  2.66   98413     279  491414  4834671  49.13
1985-1989     35-39     0.00087  0.00433  2.67   98134     425  489682  4343257  44.26
1985-1989     40-44     0.00142  0.00709  2.70   97710     693  486951  3853575  39.44
1985-1989     45-49     0.00241  0.01200  2.70   97017    1165  482410  3366625  34.70
1985-1989     50-54     0.00397  0.01967  2.69   95852    1885  474903  2884215  30.09
1985-1989     55-59     0.00676  0.03326  2.69   93967    3125  462623  2409312  25.64
1985-1989     60-64     0.01138  0.05542  2.67   90841    5035  442475  1946689  21.43
1985-1989     65-69     0.01789  0.08584  2.64   85807    7365  411662  1504214  17.53
1985-1989     70-74     0.02884  0.13505  2.65   78441   10594  367293  1092552  13.93
1985-1989     75-79     0.04770  0.21410  2.61   67848   14526  304553   725260  10.69
1985-1989     80-84     0.08185  0.34095  2.55   53322   18180  222101   420706   7.89
1985-1989     85-89     0.13777  0.50834  2.42   35142   17864  129663   198605   5.65
1985-1989     90-94     0.22175  0.68701  2.23   17278   11870   53529    68943   3.99
1985-1989     95-99     0.33288  0.82996  1.98    5408    4488   13483    15414   2.85
1985-1989    100-104    0.46736  0.91971  1.70     920     846    1810     1930   2.10
1985-1989    105-109    0.60763  0.96336  1.46      74      71     117      121   1.64
1985-1989    110+       0.71665  1.00000  1.40       3       3       4        4   1.40
1990-1994        0      0.00605  0.00602  0.07  100000     602   99440  7901044  79.01
1990-1994      1-4      0.00030  0.00120  1.53   99398     119  397298  7801604  78.49
1990-1994      5-9      0.00013  0.00067  2.42   99279      66  496224  7404306  74.58
1990-1994     10-14     0.00015  0.00073  2.72   99213      72  495899  6908081  69.63
1990-1994     15-19     0.00027  0.00137  2.68   99140     135  495388  6412183  64.68
1990-1994     20-24     0.00032  0.00158  2.49   99005     157  494632  5916795  59.76
1990-1994     25-29     0.00037  0.00183  2.61   98848     181  493807  5422163  54.85
1990-1994     30-34     0.00052  0.00260  2.68   98667     257  492740  4928356  49.95
1990-1994     35-39     0.00082  0.00407  2.68   98410     400  491121  4435616  45.07
1990-1994     40-44     0.00132  0.00656  2.68   98010     643  488561  3944495  40.25
1990-1994     45-49     0.00216  0.01077  2.67   97367    1048  484391  3455934  35.49
1990-1994     50-54     0.00355  0.01760  2.68   96319    1695  477657  2971543  30.85
1990-1994     55-59     0.00582  0.02870  2.70   94624    2715  466886  2493885  26.36
1990-1994     60-64     0.01007  0.04923  2.69   91909    4524  449075  2026999  22.05
1990-1994     65-69     0.01673  0.08048  2.65   87384    7033  420427  1577925  18.06
1990-1994     70-74     0.02714  0.12751  2.64   80352   10245  377541  1157498  14.41
1990-1994     75-79     0.04433  0.20055  2.63   70106   14060  317146   779957  11.13
1990-1994     80-84     0.07554  0.31896  2.56   56046   17876  236646   462811   8.26
1990-1994     85-89     0.12798  0.48232  2.45   38170   18410  143848   226165   5.93
1990-1994     90-94     0.20929  0.66536  2.26   19760   13148   62821    82318   4.17
1990-1994     95-99     0.31988  0.81754  2.01    6612    5406   16900    19496   2.95
1990-1994    100-104    0.45492  0.91413  1.73    1207    1103    2424     2597   2.15
1990-1994    105-109    0.59775  0.96139  1.47     104     100     167      172   1.66
1990-1994    110+       0.70958  1.00000  1.41       4       4       6        6   1.41
1995-1999        0      0.00522  0.00520  0.07  100000     520   99515  7970111  79.70
1995-1999      1-4      0.00024  0.00098  1.49   99480      97  397675  7870596  79.12
1995-1999      5-9      0.00011  0.00054  2.36   99383      53  496773  7472920  75.19
1995-1999     10-14     0.00013  0.00064  2.68   99329      63  496499  6976148  70.23
1995-1999     15-19     0.00027  0.00133  2.68   99266     132  496022  6479648  65.28
1995-1999     20-24     0.00031  0.00154  2.52   99134     152  495290  5983626  60.36
1995-1999     25-29     0.00037  0.00182  2.61   98981     181  494475  5488336  55.45
1995-1999     30-34     0.00051  0.00255  2.65   98801     252  493413  4993860  50.54
1995-1999     35-39     0.00080  0.00398  2.67   98549     392  491832  4500447  45.67
1995-1999     40-44     0.00129  0.00641  2.71   98157     629  489343  4008615  40.84
1995-1999     45-49     0.00204  0.01015  2.68   97528     990  485344  3519272  36.08
1995-1999     50-54     0.00331  0.01645  2.66   96538    1588  478977  3033928  31.43
1995-1999     55-59     0.00530  0.02618  2.69   94950    2486  469009  2554952  26.91
1995-1999     60-64     0.00870  0.04262  2.67   92464    3941  453154  2085943  22.56
1995-1999     65-69     0.01489  0.07198  2.69   88523    6372  427868  1632789  18.44
1995-1999     70-74     0.02562  0.12083  2.66   82151    9926  387484  1204921  14.67
1995-1999     75-79     0.04227  0.19201  2.61   72225   13868  328049   817438  11.32
1995-1999     80-84     0.07271  0.30909  2.58   58357   18038  248078   489389   8.39
1995-1999     85-89     0.12450  0.47319  2.47   40319   19079  153247   241311   5.98
1995-1999     90-94     0.21000  0.66776  2.27   21241   14184   67540    88064   4.15
1995-1999     95-99     0.32455  0.82288  2.00    7057    5807   17892    20524   2.91
1995-1999    100-104    0.46566  0.91962  1.71    1250    1149    2468     2631   2.11
1995-1999    105-109    0.61352  0.96489  1.45     100      97     158      163   1.62
1995-1999    110+       0.72765  1.00000  1.37       4       4       5        5   1.37
2000-2004        0      0.00485  0.00482  0.07  100000     482   99550  8072050  80.72
2000-2004      1-4      0.00021  0.00084  1.61   99518      84  397870  7972500  80.11
2000-2004      5-9      0.00010  0.00049  2.35   99434      49  497038  7574630  76.18
2000-2004     10-14     0.00011  0.00054  2.66   99385      54  496798  7077591  71.21
2000-2004     15-19     0.00023  0.00116  2.81   99331     116  496402  6580793  66.25
2000-2004     20-24     0.00028  0.00141  2.54   99216     140  495734  6084390  61.32
2000-2004     25-29     0.00035  0.00173  2.58   99076     171  494965  5588657  56.41
2000-2004     30-34     0.00050  0.00248  2.66   98905     245  493949  5093692  51.50
2000-2004     35-39     0.00075  0.00372  2.67   98659     367  492440  4599743  46.62
2000-2004     40-44     0.00119  0.00595  2.71   98292     585  490123  4107303  41.79
2000-2004     45-49     0.00196  0.00977  2.68   97707     954  486324  3617181  37.02
2000-2004     50-54     0.00307  0.01525  2.66   96753    1476  480314  3130857  32.36
2000-2004     55-59     0.00476  0.02353  2.67   95277    2241  471160  2650543  27.82
2000-2004     60-64     0.00767  0.03768  2.67   93036    3505  457014  2179384  23.43
2000-2004     65-69     0.01252  0.06085  2.68   89531    5448  435035  1722369  19.24
2000-2004     70-74     0.02177  0.10362  2.69   84082    8713  400314  1287334  15.31
2000-2004     75-79     0.03826  0.17543  2.64   75370   13222  345577   887020  11.77
2000-2004     80-84     0.06710  0.28885  2.59   62147   17951  267542   541443   8.71
2000-2004     85-89     0.11772  0.45417  2.49   44196   20073  170516   273901   6.20
2000-2004     90-94     0.20033  0.65055  2.31   24124   15694   78340   103385   4.29
2000-2004     95-99     0.31626  0.81495  2.03    8430    6870   21723    25046   2.97
2000-2004    100-104    0.45964  0.91717  1.72    1560    1431    3113     3323   2.13
2000-2004    105-109    0.61108  0.96457  1.45     129     125     204      210   1.63
2000-2004    110+       0.72812  1.00000  1.37       5       5       6        6   1.37
2005-2009        0      0.00441  0.00439  0.07  100000     439   99590  8184484  81.84
2005-2009      1-4      0.00020  0.00078  1.57   99561      78  398055  8084895  81.21
2005-2009      5-9      0.00009  0.00043  2.42   99483      43  497305  7686839  77.27
2005-2009     10-14     0.00010  0.00051  2.69   99440      51  497085  7189534  72.30
2005-2009     15-19     0.00021  0.00103  2.77   99390     103  496719  6692449  67.34
2005-2009     20-24     0.00025  0.00125  2.51   99287     124  496126  6195730  62.40
2005-2009     25-29     0.00032  0.00159  2.64   99163     157  495442  5699604  57.48
2005-2009     30-34     0.00045  0.00227  2.71   99005     225  494512  5204162  52.56
2005-2009     35-39     0.00069  0.00344  2.69   98781     340  493119  4709649  47.68
2005-2009     40-44     0.00113  0.00562  2.68   98440     554  490917  4216531  42.83
2005-2009     45-49     0.00178  0.00886  2.68   97887     868  487425  3725614  38.06
2005-2009     50-54     0.00285  0.01416  2.67   97019    1374  481896  3238189  33.38
2005-2009     55-59     0.00437  0.02162  2.66   95645    2068  473388  2756293  28.82
2005-2009     60-64     0.00685  0.03370  2.68   93578    3154  460570  2282905  24.40
2005-2009     65-69     0.01098  0.05351  2.67   90424    4839  440864  1822335  20.15
2005-2009     70-74     0.01841  0.08831  2.69   85585    7558  410445  1381471  16.14
2005-2009     75-79     0.03294  0.15300  2.68   78027   11938  362417   971025  12.44
2005-2009     80-84     0.05985  0.26187  2.62   66089   17307  289177   608608   9.21
2005-2009     85-89     0.10713  0.42307  2.52   48783   20639  192658   319431   6.55
2005-2009     90-94     0.18672  0.62417  2.34   28144   17567   94078   126773   4.50
2005-2009     95-99     0.30144  0.79956  2.06   10577    8457   28056    32695   3.09
2005-2009    100-104    0.44643  0.91117  1.75    2120    1932    4327     4638   2.19
2005-2009    105-109    0.60213  0.96295  1.47     188     181     301      311   1.65
2005-2009    110+       0.72334  1.00000  1.38       7       7      10       10   1.38
2010-2011        0      0.00393  0.00391  0.06  100000     391   99634  8274459  82.74
2010-2011      1-4      0.00017  0.00068  1.53   99609      68  398267  8174825  82.07
2010-2011      5-9      0.00008  0.00038  2.44   99541      38  497607  7776559  78.12
2010-2011     10-14     0.00009  0.00043  2.81   99503      42  497423  7278952  73.15
2010-2011     15-19     0.00017  0.00087  2.76   99461      87  497109  6781529  68.18
2010-2011     20-24     0.00022  0.00110  2.65   99374     109  496613  6284420  63.24
2010-2011     25-29     0.00030  0.00149  2.58   99265     148  495965  5787807  58.31
2010-2011     30-34     0.00044  0.00219  2.63   99116     217  495066  5291842  53.39
2010-2011     35-39     0.00068  0.00340  2.62   98899     336  493697  4796776  48.50
2010-2011     40-44     0.00107  0.00536  2.67   98563     528  491587  4303079  43.66
2010-2011     45-49     0.00164  0.00815  2.67   98035     799  488315  3811492  38.88
2010-2011     50-54     0.00266  0.01324  2.69   97236    1287  483206  3323176  34.18
2010-2011     55-59     0.00410  0.02032  2.68   95948    1949  475210  2839970  29.60
2010-2011     60-64     0.00632  0.03112  2.65   93999    2925  463133  2364760  25.16
2010-2011     65-69     0.00989  0.04836  2.68   91074    4404  445149  1901626  20.88
2010-2011     70-74     0.01664  0.08006  2.66   86670    6939  417124  1456478  16.80
2010-2011     75-79     0.02908  0.13626  2.69   79731   10864  373536  1039354  13.04
2010-2011     80-84     0.05403  0.23968  2.65   68867   16506  305483   665817   9.67
2010-2011     85-89     0.09829  0.39559  2.53   52361   20713  210728   360335   6.88
2010-2011     90-94     0.17432  0.59653  2.35   31647   18879  108300   149606   4.73
2010-2011     95-99     0.28521  0.78085  2.10   12769    9971   34959    41306   3.23
2010-2011    100-104    0.42904  0.90222  1.79    2798    2525    5884     6347   2.27
2010-2011    105-109    0.58673  0.95971  1.49     274     263     448      463   1.69
2010-2011    110+       0.71117  1.00000  1.41      11      11      16       16   1.41
