Crude birth rate by birth order
Last modified: 25/09/2014
Code Year      CBR     CBR1     CBR2     CBR3     CBR4    CBR5p
AUT  1984    11.81     5.55     3.90     1.51     0.53     0.32
AUT  1985    11.56     5.44     3.87     1.48     0.49     0.28
AUT  1986    11.49     5.45     3.85     1.45     0.49     0.26
AUT  1987    11.42     5.43     3.85     1.41     0.47     0.26
AUT  1988    11.61     5.55     3.91     1.45     0.45     0.24
AUT  1989    11.65     5.44     4.00     1.51     0.47     0.23
AUT  1990    11.78     5.44     4.11     1.55     0.46     0.22
AUT  1991    12.20     5.67     4.21     1.59     0.50     0.22
AUT  1992    12.15     5.60     4.23     1.62     0.48     0.22
AUT  1993    12.05     5.45     4.31     1.60     0.47     0.22
AUT  1994    11.65     5.18     4.24     1.56     0.46     0.21
AUT  1995    11.16     4.96     4.06     1.50     0.45     0.20
AUT  1996    11.16     4.96     4.08     1.49     0.44     0.19
AUT  1997    10.55     4.76     3.78     1.43     0.41     0.17
AUT  1998    10.19     4.56     3.70     1.35     0.40     0.17
AUT  1999     9.78     4.44     3.49     1.29     0.39     0.17
AUT  2000     9.77     4.44     3.52     1.27     0.38     0.16
AUT  2001     9.38     4.32     3.32     1.22     0.36     0.16
AUT  2002     9.70     4.43     3.42     1.30     0.39     0.16
AUT  2003     9.48     4.34     3.32     1.28     0.37     0.17
AUT  2004     9.66     4.46     3.38     1.26     0.39     0.17
AUT  2005     9.50     4.40     3.30     1.25     0.38     0.17
AUT  2006     9.41     4.38     3.27     1.21     0.38     0.17
AUT  2007     9.17     4.24     3.22     1.18     0.36     0.17
AUT  2008     9.32     4.36     3.26     1.18     0.35     0.17
AUT  2009     9.13     4.30     3.17     1.16     0.34     0.16
AUT  2010     9.39     4.44     3.30     1.15     0.33     0.16
BLR  1964    18.76     6.79     5.97     3.28     1.43     1.29
BLR  1965    17.68     6.53     5.52     3.03     1.37     1.22
BLR  1966    17.47     6.20     5.50     3.04     1.43     1.30
BLR  1967    16.66     6.28     5.34     2.72     1.23     1.10
BLR  1968    16.38     6.41     5.19     2.56     1.15     1.06
BLR  1969    15.88     6.49     5.02     2.34     1.06     0.97
BLR  1970    16.22     7.02     5.09     2.28     0.95     0.88
BLR  1971    16.37     7.44     5.07     2.13     0.89     0.83
BLR  1972    16.11     7.49     5.09     1.97     0.80     0.76
BLR  1973    15.67     7.42     5.03     1.81     0.72     0.69
BLR  1974    15.80     7.61     5.17     1.72     0.65     0.64
BLR  1975    15.66     7.69     5.18     1.58     0.61     0.62
BLR  1976    15.72     7.89     5.25     1.49     0.54     0.55
BLR  1977    15.74     7.94     5.37     1.41     0.50     0.51
BLR  1978    15.88     8.17     5.47     1.33     0.45     0.45
BLR  1979    15.87     8.32     5.51     1.24     0.40     0.40
BLR  1980    16.03     8.40     5.68     1.22     0.36     0.37
BLR  1981    16.27     8.21     6.04     1.31     0.37     0.33
BLR  1982    16.31     8.14     6.11     1.34     0.37     0.35
BLR  1983    17.63     8.18     7.16     1.55     0.39     0.35
BLR  1984    17.04     8.07     6.73     1.53     0.38     0.33
BLR  1985    16.57     7.74     6.61     1.52     0.37     0.33
BLR  1986    17.14     7.76     6.89     1.68     0.43     0.37
BLR  1987    16.19     7.61     6.33     1.50     0.39     0.35
BLR  1988    16.13     7.55     6.42     1.45     0.38     0.33
BLR  1989    15.09     7.33     5.88     1.27     0.33     0.29
BLR  1990    13.95     7.15     5.11     1.10     0.31     0.28
BLR  1991    12.95     7.02     4.39     0.99     0.29     0.26
BLR  1992    12.53     6.84     4.25     0.93     0.27     0.24
BLR  1993    11.47     6.30     3.84     0.85     0.25     0.22
BLR  1994    10.82     6.15     3.47     0.77     0.23     0.20
BLR  1995     9.93     5.77     3.10     0.67     0.20     0.19
BLR  1996     9.44     5.62     2.84     0.61     0.19     0.17
BLR  1997     8.86     5.16     2.74     0.60     0.19     0.17
BLR  1998     9.20     5.27     2.91     0.67     0.19     0.16
BLR  1999     9.27     5.36     2.91     0.65     0.19     0.16
BLR  2000     9.39     5.43     3.00     0.63     0.18     0.14
BLR  2001     9.23     5.29     2.97     0.64     0.19     0.14
BLR  2002     8.99     5.23     2.85     0.61     0.17     0.12
BLR  2003     9.03     5.34     2.81     0.59     0.16     0.13
BLR  2004     9.14     5.42     2.81     0.62     0.17     0.12
BLR  2005     9.36     5.45     2.94     0.67     0.18     0.12
BLR  2006    10.07     5.78     3.21     0.75     0.19     0.12
BLR  2007    10.83     6.00     3.61     0.88     0.21     0.14
BLR  2008    11.32     6.20     3.86     0.91     0.21     0.14
BLR  2009    11.49     6.21     4.02     0.91     0.22     0.14
BLR  2010    11.38     5.95     4.11     0.97     0.21     0.13
BLR  2011    11.52     5.87     4.25     1.06     0.22     0.13
BLR  2012    12.25     6.20     4.54     1.12     0.25     0.13
BGR  1947    24.12     9.16     7.04     3.51     1.80     2.61
BGR  1948    24.71     9.33     7.29     3.59     1.85     2.65
BGR  1949    24.77     9.15     7.45     3.63     1.90     2.63
BGR  1950    25.17     9.32     7.57     3.70     1.95     2.63
BGR  1951    20.87     8.20     6.11     2.99     1.53     2.04
BGR  1952    20.91     7.90     6.49     3.06     1.57     1.88
BGR  1953    20.64     8.05     6.41     2.88     1.48     1.81
BGR  1954    20.03     7.97     6.10     2.78     1.45     1.73
BGR  1955    20.02     8.16     6.18     2.59     1.36     1.72
BGR  1956    19.48     8.14     6.12     2.35     1.22     1.65
BGR  1957    18.42     7.94     5.91     2.05     1.05     1.47
BGR  1958    17.89     7.61     6.02     1.92     0.97     1.37
BGR  1959    17.55     7.77     5.92     1.78     0.87     1.22
BGR  1960    17.81     7.76     6.20     1.84     0.84     1.17
BGR  1961    17.36     7.38     6.35     1.76     0.80     1.08
BGR  1962    16.75     7.00     6.22     1.70     0.77     1.05
BGR  1963    16.36     6.99     6.07     1.61     0.71     0.98
BGR  1964    16.08     7.25     5.70     1.53     0.68     0.91
BGR  1965    15.33     7.05     5.34     1.40     0.63     0.91
BGR  1966    14.89     6.98     5.21     1.31     0.58     0.81
BGR  1967    14.99     7.22     5.17     1.29     0.56     0.75
BGR  1968    16.90     7.69     6.10     1.90     0.53     0.67
BGR  1969    16.95     7.61     6.20     2.01     0.53     0.60
BGR  1970    16.34     7.49     5.97     1.84     0.51     0.53
BGR  1971    15.85     7.47     5.73     1.64     0.51     0.50
BGR  1972    15.30     7.26     5.66     1.47     0.47     0.44
BGR  1973    16.20     7.54     6.24     1.49     0.49     0.44
BGR  1974    17.18     7.39     7.32     1.54     0.49     0.43
BGR  1975    16.58     7.23     6.90     1.55     0.48     0.42
BGR  1976    16.54     7.36     6.67     1.60     0.48     0.43
BGR  1977    16.09     7.25     6.45     1.52     0.46     0.40
BGR  1978    15.47     7.12     6.11     1.42     0.44     0.38
BGR  1979    15.33     7.17     5.93     1.43     0.42     0.38
BGR  1980    14.47     6.91     5.48     1.33     0.39     0.36
BGR  1981    13.99     6.78     5.25     1.25     0.38     0.34
BGR  1982    13.93     6.70     5.31     1.21     0.38     0.33
BGR  1983    13.77     6.38     5.46     1.23     0.37     0.33
BGR  1984    13.66     6.28     5.44     1.24     0.37     0.32
BGR  1985    13.28     6.10     5.23     1.24     0.38     0.33
BGR  1986    13.40     6.16     5.39     1.20     0.34     0.31
BGR  1987    13.00     6.01     5.24     1.15     0.32     0.29
BGR  1988    13.07     6.06     5.27     1.14     0.32     0.29
BGR  1989    12.57     6.03     4.87     1.09     0.31     0.27
BGR  1990    11.93     5.96     4.42     1.00     0.30     0.26
BGR  1991    11.03     5.98     3.71     0.84     0.27     0.24
BGR  1992    10.42     5.84     3.35     0.74     0.26     0.23
BGR  1993     9.97     5.48     3.28     0.70     0.26     0.24
BGR  1994     9.44     5.11     3.16     0.67     0.25     0.25
BGR  1995     8.61     4.71     2.90     0.60     0.20     0.21
BGR  1996     8.71     4.74     2.95     0.60     0.21     0.21
BGR  1997     7.80     4.54     2.39     0.51     0.18     0.19
BGR  1998     8.03     4.71     2.51     0.48     0.17     0.17
BGR  1999     8.96     5.03     2.84     0.62     0.23     0.23
BGR  2000     9.21     5.35     2.79     0.59     0.24     0.23
BGR  2001     8.60     5.01     2.56     0.58     0.22     0.22
BGR  2002     8.45     4.80     2.63     0.59     0.22     0.21
BGR  2003     8.61     4.95     2.64     0.58     0.23     0.22
BGR  2004     8.98     5.19     2.71     0.62     0.23     0.23
BGR  2005     9.18     5.36     2.80     0.57     0.22     0.23
BGR  2006     9.61     5.63     2.93     0.59     0.22     0.24
BGR  2007     9.84     5.61     3.16     0.61     0.22     0.25
BGR  2008    10.20     5.80     3.34     0.62     0.21     0.23
BGR  2009    10.67     5.80     3.67     0.71     0.23     0.27
CAN  1944    23.80     7.56     5.65     3.46     2.15     4.98
CAN  1945    23.86     7.34     5.69     3.57     2.20     5.06
CAN  1946    26.88     8.78     6.55     3.98     2.37     5.20
CAN  1947    28.59     9.85     6.98     4.19     2.47     5.10
CAN  1948    27.07     8.47     6.91     4.20     2.49     5.01
CAN  1949    27.01     7.95     7.07     4.41     2.57     5.01
CAN  1950    26.76     7.61     6.91     4.54     2.66     5.04
CAN  1951    26.88     7.63     6.82     4.62     2.79     5.03
CAN  1952    27.68     7.91     6.77     4.84     2.97     5.19
CAN  1953    27.88     7.83     6.86     4.89     3.03     5.27
CAN  1954    28.28     7.86     6.86     4.96     3.11     5.49
CAN  1955    27.90     7.56     6.71     4.95     3.16     5.51
CAN  1956    27.69     7.42     6.64     4.93     3.17     5.54
CAN  1957    27.96     7.60     6.59     4.98     3.21     5.58
CAN  1958    27.29     7.38     6.42     4.82     3.18     5.50
CAN  1959    27.18     7.21     6.43     4.82     3.21     5.50
CAN  1960    26.54     6.96     6.23     4.78     3.14     5.43
CAN  1961    25.82     6.69     5.99     4.66     3.10     5.38
CAN  1962    25.04     6.48     5.82     4.47     3.03     5.24
CAN  1963    24.34     6.43     5.64     4.36     2.90     5.03
CAN  1964    23.25     6.44     5.48     4.12     2.69     4.52
CAN  1965    21.03     6.32     5.02     3.58     2.32     3.79
CAN  1966    19.10     6.33     4.74     3.09     1.90     3.04
CAN  1967    17.98     6.47     4.61     2.78     1.64     2.49
CAN  1968    17.38     6.57     4.65     2.63     1.45     2.08
CAN  1969    17.38     6.70     4.78     2.64     1.39     1.87
CAN  1970    17.19     6.87     4.81     2.61     1.28     1.62
CAN  1971    16.36     6.65     4.79     2.43     1.15     1.34
CAN  1972    15.42     6.46     4.77     2.20     0.96     1.03
CAN  1973    15.09     6.55     4.87     2.07     0.81     0.80
CAN  1974    15.07     6.62     5.02     2.04     0.74     0.63
CAN  1975    15.42     6.75     5.23     2.15     0.73     0.55
CAN  1976    15.25     6.65     5.30     2.14     0.68     0.48
CAN  1977    15.20     6.82     5.23     2.12     0.63     0.40
CAN  1978    14.91     6.69     5.18     2.07     0.61     0.36
CAN  1979    15.05     6.71     5.23     2.17     0.61     0.34
CAN  1980    15.05     6.81     5.21     2.12     0.60     0.31
CAN  1981    14.90     6.77     5.14     2.09     0.60     0.30
CAN  1982    14.84     6.74     5.09     2.10     0.61     0.31
CAN  1983    14.72     6.67     5.08     2.07     0.60     0.29
CAN  1984    14.73     6.53     5.20     2.10     0.60     0.29
CAN  1985    14.53     6.35     5.18     2.11     0.61     0.29
CAN  1986    14.28     6.21     5.09     2.09     0.61     0.28
CAN  1987    14.00     6.04     5.02     2.05     0.60     0.29
CAN  1988    14.07     6.16     4.96     2.06     0.60     0.29
CAN  1989    14.43     6.34     5.02     2.14     0.63     0.30
CAN  1990    14.69     6.49     5.11     2.14     0.64     0.31
CAN  1991    14.37     6.29     4.98     2.13     0.65     0.32
CAN  1992    14.06     6.07     4.97     2.08     0.63     0.32
CAN  1993    13.55     5.86     4.78     1.98     0.61     0.31
CAN  1994    13.29     5.73     4.70     1.93     0.61     0.32
CAN  1995    12.90     5.58     4.55     1.86     0.59     0.32
CAN  1996    12.37     5.34     4.38     1.78     0.57     0.31
CAN  1997    11.66     5.02     4.17     1.65     0.52     0.30
CAN  1998    11.36     4.91     4.08     1.57     0.50     0.29
CAN  1999    11.09     4.87     3.94     1.52     0.48     0.28
CAN  2000    10.68     4.73     3.75     1.46     0.47     0.28
CAN  2001    10.76     4.69     3.89     1.45     0.46     0.28
CAN  2002    10.49     4.63     3.74     1.39     0.45     0.28
CAN  2003    10.59     4.76     3.71     1.41     0.44     0.28
CAN  2004    10.55     4.77     3.70     1.38     0.44     0.27
CAN  2005    10.61     4.77     3.73     1.39     0.44     0.28
CAN  2006    10.88     4.87     3.86     1.41     0.46     0.28
CAN  2007    11.17     4.96     3.94     1.49     0.48     0.30
CAN  2008    11.34     5.00     4.00     1.53     0.50     0.31
CAN  2009    11.29     4.97     3.96     1.54     0.51     0.32
CHL  1992    21.99     8.85     6.95     3.74     1.44     1.02
CHL  1993    21.29     8.64     6.77     3.65     1.38     0.85
CHL  1994    20.67     8.33     6.33     3.52     1.53     0.97
CHL  1995    19.70     8.06     6.00     3.32     1.42     0.90
CHL  1996    19.18     7.95     5.87     3.20     1.34     0.82
CHL  1997    18.47     7.73     5.65     3.07     1.26     0.76
CHL  1998    17.98     7.52     5.56     2.98     1.22     0.70
CHL  1999    17.25     7.19     5.40     2.86     1.14     0.66
CHL  2000    16.93     7.06     5.28     2.81     1.14     0.63
CHL  2001    16.55     6.89     5.24     2.76     1.06     0.60
CHL  2002    15.90     6.65     5.05     2.64     1.02     0.54
CHL  2003    15.44     6.37     4.96     2.62     0.98     0.51
CHL  2004    15.06     6.35     4.84     2.49     0.92     0.45
CHL  2005    14.88     6.37     4.76     2.43     0.88     0.43
CZE  1950    21.12     7.98     6.38     3.40     1.59     1.76
CZE  1951    20.62     7.82     6.13     3.33     1.61     1.73
CZE  1952    19.84     7.55     5.85     3.19     1.59     1.66
CZE  1953    18.85     6.91     5.66     3.13     1.54     1.61
CZE  1954    18.26     6.57     5.67     2.99     1.47     1.56
CZE  1955    17.85     6.38     5.59     2.92     1.43     1.53
CZE  1956    17.36     6.33     5.42     2.77     1.37     1.47
CZE  1957    16.50     6.18     5.10     2.56     1.25     1.41
CZE  1958    14.97     5.91     4.83     2.22     0.96     1.05
CZE  1959    13.56     5.86     4.53     1.80     0.67     0.70
CZE  1960    13.51     6.02     4.45     1.73     0.64     0.67
CZE  1961    13.69     6.24     4.54     1.70     0.60     0.61
CZE  1962    13.92     6.46     4.62     1.74     0.56     0.55
CZE  1963    15.47     7.02     5.22     1.99     0.62     0.61
CZE  1964    15.97     7.17     5.37     2.14     0.67     0.62
CZE  1965    15.19     6.96     5.09     1.90     0.64     0.60
CZE  1966    14.50     6.93     4.83     1.66     0.55     0.54
CZE  1967    14.19     7.13     4.65     1.47     0.46     0.47
CZE  1968    14.06     7.23     4.62     1.36     0.44     0.41
CZE  1969    14.63     7.51     4.86     1.41     0.45     0.41
CZE  1970    15.09     7.66     5.25     1.42     0.41     0.36
CZE  1971    15.70     7.73     5.74     1.48     0.43     0.33
CZE  1972    16.61     7.76     6.41     1.68     0.44     0.33
CZE  1973    18.36     7.85     7.61     2.05     0.50     0.34
CZE  1974    19.49     8.18     8.05     2.38     0.55     0.33
CZE  1975    19.12     8.04     7.80     2.45     0.53     0.30
CZE  1976    18.57     7.76     7.51     2.45     0.55     0.30
CZE  1977    17.91     7.42     7.26     2.40     0.55     0.28
CZE  1978    17.54     7.20     7.08     2.43     0.55     0.28
CZE  1979    16.80     6.82     6.78     2.42     0.53     0.25
CZE  1980    14.97     6.29     5.97     2.02     0.47     0.23
CZE  1981    14.04     5.91     5.60     1.87     0.44     0.22
CZE  1982    13.77     5.90     5.39     1.83     0.44     0.22
CZE  1983    13.34     5.96     5.03     1.73     0.41     0.20
CZE  1984    13.29     6.09     4.97     1.64     0.40     0.20
CZE  1985    13.19     6.08     4.95     1.58     0.39     0.19
CZE  1986    12.94     6.00     4.86     1.53     0.37     0.18
CZE  1987    12.71     5.93     4.79     1.44     0.37     0.17
CZE  1988    12.87     6.00     4.84     1.50     0.37     0.16
CZE  1989    12.45     5.91     4.65     1.40     0.34     0.16
CZE  1990    12.67     6.06     4.71     1.40     0.34     0.16
CZE  1991    12.55     6.28     4.46     1.31     0.34     0.16
CZE  1992    11.80     5.88     4.23     1.22     0.32     0.16
CZE  1993    11.73     5.69     4.31     1.21     0.34     0.18
CZE  1994    10.32     4.92     3.81     1.11     0.31     0.16
CZE  1995     9.32     4.32     3.59     0.97     0.29     0.15
CZE  1996     8.78     4.09     3.38     0.90     0.27     0.15
CZE  1997     8.82     4.16     3.36     0.90     0.24     0.15
CZE  1998     8.82     4.20     3.35     0.88     0.24     0.15
CZE  1999     8.73     4.20     3.28     0.87     0.24     0.14
CZE  2000     8.88     4.29     3.31     0.89     0.24     0.15
CZE  2001     8.87     4.24     3.34     0.90     0.24     0.14
CZE  2002     9.06     4.37     3.36     0.93     0.25     0.15
CZE  2003     9.14     4.43     3.40     0.93     0.24     0.14
CZE  2004     9.52     4.68     3.48     0.96     0.25     0.14
CZE  2005     9.94     4.86     3.70     1.00     0.25     0.14
CZE  2006    10.27     5.03     3.79     1.04     0.26     0.16
CZE  2007    11.09     5.23     4.20     1.21     0.29     0.16
CZE  2008    11.52     5.49     4.36     1.23     0.28     0.16
CZE  2009    11.36     5.38     4.34     1.19     0.29     0.16
CZE  2010    11.20     5.19     4.35     1.20     0.29     0.17
CZE  2011    10.35     4.86     4.02     1.06     0.27     0.15
EST  1959    16.52     8.16     5.30     1.74     0.66     0.65
EST  1960    16.56     8.13     5.43     1.72     0.63     0.64
EST  1961    16.42     8.09     5.44     1.72     0.59     0.58
EST  1962    15.99     7.81     5.36     1.68     0.60     0.55
EST  1963    15.27     7.50     5.10     1.54     0.59     0.54
EST  1964    15.37     7.56     5.21     1.56     0.53     0.52
EST  1965    14.63     7.10     5.07     1.42     0.56     0.48
EST  1966    14.27     6.84     4.98     1.48     0.48     0.48
EST  1967    14.16     6.94     4.85     1.43     0.51     0.43
EST  1968    14.83     7.25     5.18     1.46     0.51     0.44
EST  1969    15.47     7.56     5.44     1.55     0.48     0.43
EST  1970    15.83     7.81     5.65     1.50     0.44     0.42
EST  1971    16.10     7.86     5.73     1.57     0.48     0.45
EST  1972    15.69     7.61     5.65     1.56     0.47     0.40
EST  1973    15.18     7.41     5.42     1.49     0.45     0.41
EST  1974    15.21     7.51     5.33     1.54     0.45     0.38
EST  1975    15.02     7.41     5.31     1.51     0.44     0.36
EST  1976    15.19     7.49     5.38     1.46     0.47     0.39
EST  1977    15.22     7.50     5.48     1.44     0.42     0.39
EST  1978    14.98     7.39     5.38     1.42     0.43     0.37
EST  1979    14.94     7.43     5.24     1.46     0.41     0.40
EST  1980    15.03     7.43     5.35     1.48     0.40     0.38
EST  1981    15.44     7.43     5.64     1.55     0.44     0.37
EST  1982    15.46     7.24     5.70     1.65     0.47     0.40
EST  1983    16.04     7.18     6.21     1.77     0.46     0.41
EST  1984    15.98     7.25     6.05     1.80     0.49     0.39
EST  1985    15.48     6.96     5.83     1.81     0.48     0.40
EST  1986    15.69     6.97     5.91     1.85     0.53     0.43
EST  1987    16.21     7.04     6.16     2.04     0.51     0.44
EST  1988    16.06     6.98     5.81     2.18     0.64     0.46
EST  1989    15.51     6.83     5.37     2.19     0.65     0.46
EST  1990    14.24     6.58     4.67     1.94     0.61     0.44
EST  1991    12.48     6.17     3.90     1.52     0.51     0.39
EST  1992    11.70     5.88     3.60     1.38     0.46     0.38
EST  1993    10.00     4.95     3.12     1.18     0.41     0.33
EST  1994     9.41     4.67     2.95     1.10     0.39     0.32
EST  1995     9.09     4.51     2.91     1.02     0.35     0.30
EST  1996     9.03     4.53     2.79     1.07     0.35     0.29
EST  1997     8.68     4.28     2.81     0.99     0.31     0.30
EST  1998     8.51     4.27     2.66     0.97     0.34     0.27
EST  1999     8.81     4.35     2.85     0.97     0.35     0.28
EST  2000     9.35     4.52     3.00     1.13     0.40     0.30
EST  2001     9.10     4.39     2.96     1.11     0.36     0.28
EST  2002     9.42     4.54     3.12     1.14     0.36     0.27
EST  2003     9.51     4.68     3.10     1.10     0.36     0.26
EST  2004    10.27     5.06     3.32     1.26     0.36     0.26
EST  2005    10.59     5.13     3.56     1.28     0.36     0.26
EST  2006    11.05     5.33     3.80     1.33     0.33     0.25
EST  2007    11.77     5.61     4.04     1.49     0.38     0.25
EST  2008    11.99     5.69     4.13     1.52     0.40     0.25
EST  2009    11.81     5.40     4.16     1.57     0.43     0.25
EST  2010    11.88     5.02     4.46     1.66     0.48     0.27
EST  2011    11.06     4.44     4.28     1.64     0.47     0.23
EST  2012    10.63     4.37     4.03     1.56     0.42     0.25
FIN  1982    13.70     5.61     5.03     2.12     0.55     0.38
FIN  1983    13.77     5.46     5.06     2.23     0.63     0.38
FIN  1984    13.33     5.22     4.82     2.26     0.63     0.40
FIN  1985    12.82     5.05     4.59     2.15     0.63     0.40
FIN  1986    12.34     4.83     4.46     2.06     0.60     0.39
FIN  1987    12.13     4.82     4.34     1.99     0.59     0.40
FIN  1988    12.80     5.07     4.51     2.19     0.63     0.41
FIN  1989    12.76     5.08     4.41     2.20     0.65     0.42
FIN  1990    13.14     5.25     4.41     2.33     0.71     0.44
FIN  1991    13.04     5.31     4.37     2.21     0.70     0.45
FIN  1992    13.24     5.25     4.51     2.25     0.76     0.47
FIN  1993    12.80     5.05     4.41     2.15     0.73     0.46
FIN  1994    12.81     4.90     4.39     2.23     0.76     0.53
FIN  1995    12.35     4.78     4.25     2.11     0.72     0.49
FIN  1996    11.85     4.65     4.04     2.01     0.68     0.47
FIN  1997    11.54     4.59     3.94     1.88     0.64     0.49
FIN  1998    11.08     4.41     3.74     1.81     0.63     0.49
FIN  1999    11.15     4.48     3.69     1.85     0.64     0.48
FIN  2000    10.96     4.41     3.66     1.79     0.62     0.49
FIN  2001    10.83     4.40     3.58     1.76     0.62     0.48
FIN  2002    10.68     4.40     3.51     1.69     0.58     0.50
FIN  2003    10.86     4.55     3.57     1.68     0.57     0.50
FIN  2004    11.04     4.63     3.60     1.70     0.61     0.51
FIN  2005    11.01     4.65     3.61     1.64     0.59     0.51
FIN  2006    11.17     4.71     3.70     1.66     0.59     0.52
FIN  2007    11.10     4.65     3.70     1.64     0.57     0.54
FIN  2008    11.20     4.68     3.75     1.66     0.58     0.53
FIN  2009    11.32     4.76     3.79     1.67     0.57     0.53
DEUTNP  2009     8.12     4.05     2.74     0.91     0.27     0.15
DEUTNP  2010     8.29     4.11     2.81     0.94     0.27     0.15
DEUTW  2009     8.15     4.02     2.76     0.94     0.28     0.15
DEUTW  2010     8.29     4.07     2.82     0.97     0.28     0.15
DEUTE  1956    15.88     6.43     4.67     2.45     1.17     1.16
DEUTE  1957    15.62     6.31     4.57     2.40     1.18     1.17
DEUTE  1958    15.64     6.35     4.49     2.39     1.20     1.21
DEUTE  1959    16.88     6.86     4.77     2.57     1.31     1.37
DEUTE  1960    17.00     7.01     4.72     2.57     1.29     1.41
DEUTE  1961    17.56     7.26     4.85     2.63     1.33     1.50
DEUTE  1962    17.43     7.16     4.86     2.58     1.33     1.49
DEUTE  1963    17.58     7.02     4.99     2.65     1.36     1.54
DEUTE  1964    17.08     6.60     4.96     2.61     1.34     1.57
DEUTE  1965    16.51     6.23     4.88     2.56     1.32     1.52
DEUTE  1966    15.71     5.84     4.75     2.55     1.27     1.30
DEUTE  1967    14.80     5.64     4.49     2.38     1.17     1.12
DEUTE  1968    14.35     5.62     4.33     2.28     1.12     1.00
DEUTE  1969    13.99     5.80     4.21     2.14     0.99     0.85
DEUTE  1970    13.88     6.16     4.15     1.97     0.87     0.74
DEUTE  1971    13.77     6.38     4.10     1.84     0.78     0.66
DEUTE  1972    11.76     6.13     3.43     1.25     0.50     0.45
DEUTE  1973    10.62     6.15     3.09     0.77     0.28     0.32
DEUTE  1974    10.58     6.21     3.13     0.71     0.25     0.27
DEUTE  1975    10.79     6.33     3.32     0.68     0.23     0.22
DEUTE  1976    11.64     6.70     3.76     0.73     0.23     0.21
DEUTE  1977    13.31     7.21     4.75     0.87     0.26     0.21
DEUTE  1978    13.85     7.46     4.99     0.94     0.27     0.19
DEUTE  1979    14.05     7.56     5.05     0.98     0.27     0.18
DEUTE  1980    14.64     7.90     5.21     1.08     0.29     0.17
DEUTE  1981    14.20     7.51     5.15     1.08     0.29     0.17
DEUTE  1982    14.37     7.46     5.28     1.16     0.31     0.16
DEUTE  1983    13.99     7.20     5.12     1.19     0.32     0.17
DEUTE  1984    13.67     6.93     5.05     1.21     0.31     0.17
DEUTE  1985    13.67     6.63     5.07     1.44     0.34     0.19
DEUTE  1986    13.36     6.42     5.00     1.39     0.36     0.19
DEUTE  1987    13.57     6.27     5.18     1.52     0.38     0.21
DEUTE  1988    12.94     5.94     4.96     1.46     0.38     0.21
DEUTE  1989    12.01     5.51     4.55     1.37     0.37     0.21
DEUTE  2009     7.67     3.96     2.60     0.75     0.23     0.14
DEUTE  2010     7.92     4.03     2.73     0.78     0.23     0.14
HUN  1952    19.55     7.71     5.46     2.74     1.44     2.21
HUN  1953    21.57     8.10     6.12     3.33     1.68     2.33
HUN  1954    23.02     8.13     6.85     3.64     1.88     2.51
HUN  1955    21.41     8.00     6.31     3.21     1.66     2.23
HUN  1956    19.56     7.60     5.73     2.84     1.47     1.92
HUN  1957    17.00     7.25     4.95     2.16     1.06     1.58
HUN  1958    16.03     6.97     4.80     1.96     0.93     1.38
HUN  1959    15.21     6.68     4.54     1.83     0.87     1.30
HUN  1960    14.67     6.45     4.30     1.87     0.83     1.22
HUN  1961    14.00     6.30     4.07     1.72     0.78     1.13
HUN  1962    12.93     5.87     3.75     1.55     0.72     1.04
HUN  1963    13.12     5.91     3.96     1.52     0.70     1.03
HUN  1964    13.06     6.21     3.88     1.41     0.64     0.92
HUN  1965    13.11     6.40     3.92     1.33     0.59     0.88
HUN  1966    13.62     6.71     4.22     1.26     0.57     0.86
HUN  1967    14.59     7.10     4.74     1.34     0.57     0.84
HUN  1968    15.07     7.29     5.07     1.36     0.55     0.80
HUN  1969    15.01     7.38     5.02     1.33     0.52     0.76
HUN  1970    14.71     7.26     4.96     1.30     0.49     0.70
HUN  1971    14.56     7.20     4.91     1.29     0.48     0.68
HUN  1972    14.77     7.27     5.09     1.29     0.47     0.66
HUN  1973    15.01     7.34     5.15     1.42     0.47     0.62
HUN  1974    17.82     7.94     6.82     1.87     0.54     0.64
HUN  1975    18.46     8.05     7.30     1.98     0.54     0.58
HUN  1976    17.52     7.93     6.78     1.81     0.50     0.51
HUN  1977    16.71     7.52     6.50     1.75     0.47     0.48
HUN  1978    15.77     7.17     6.17     1.59     0.43     0.41
HUN  1979    15.00     6.86     5.83     1.50     0.41     0.40
HUN  1980    13.90     6.32     5.40     1.42     0.39     0.37
HUN  1981    13.38     5.99     5.15     1.49     0.40     0.35
HUN  1982    12.53     5.66     4.81     1.38     0.38     0.32
HUN  1983    11.98     5.43     4.57     1.31     0.37     0.30
HUN  1984    11.85     5.47     4.44     1.26     0.36     0.31
HUN  1985    12.35     5.54     4.64     1.43     0.41     0.33
HUN  1986    12.20     5.34     4.65     1.46     0.43     0.33
HUN  1987    12.02     5.28     4.50     1.46     0.44     0.33
HUN  1988    11.91     5.29     4.34     1.49     0.44     0.35
HUN  1989    11.86     5.19     4.32     1.56     0.45     0.34
HUN  1990    12.11     5.36     4.32     1.63     0.46     0.34
HUN  1991    12.26     5.47     4.34     1.59     0.48     0.37
HUN  1992    11.74     5.20     4.12     1.55     0.49     0.37
HUN  1993    11.30     4.93     3.92     1.57     0.50     0.38
HUN  1994    11.18     4.82     3.75     1.68     0.52     0.40
HUN  1995    10.85     4.69     3.72     1.57     0.49     0.39
HUN  1996    10.21     4.55     3.42     1.37     0.47     0.40
HUN  1997     9.75     4.33     3.19     1.35     0.47     0.41
HUN  1998     9.48     4.24     3.13     1.29     0.44     0.38
HUN  1999     9.25     4.18     3.00     1.27     0.43     0.37
HUN  2000     9.56     4.31     3.09     1.32     0.45     0.39
HUN  2001     9.53     4.23     3.04     1.39     0.46     0.40
HUN  2002     9.53     4.30     3.06     1.32     0.46     0.39
HUN  2003     9.34     4.24     3.01     1.28     0.44     0.37
HUN  2004     9.41     4.40     2.99     1.24     0.42     0.36
HUN  2005     9.67     4.50     3.11     1.26     0.43     0.37
HUN  2006     9.92     4.55     3.27     1.29     0.44     0.36
HUN  2007     9.71     4.50     3.19     1.24     0.41     0.36
HUN  2008     9.88     4.59     3.22     1.25     0.44     0.37
HUN  2009     9.62     4.49     3.19     1.18     0.41     0.35
ISL  1990    18.71     6.75     5.78     4.14     1.57     0.46
ISL  1991    17.58     6.31     5.40     3.90     1.50     0.47
ISL  1992    17.65     6.44     5.48     3.85     1.39     0.49
ISL  1993    17.52     6.13     5.76     3.75     1.41     0.49
ISL  1994    16.70     5.99     5.27     3.80     1.21     0.42
ISL  1995    16.00     5.92     4.97     3.65     1.08     0.39
ISL  1996    16.10     5.71     5.52     3.32     1.17     0.37
ISL  1997    15.31     5.98     4.88     3.05     1.10     0.30
ISL  1998    15.24     5.84     5.11     2.90     1.05     0.35
ISL  1999    14.78     5.76     4.92     2.87     0.93     0.30
ISL  2000    15.34     6.30     4.91     2.96     0.94     0.23
ISL  2001    14.35     5.90     4.62     2.74     0.85     0.25
ISL  2002    14.08     5.49     5.01     2.52     0.84     0.22
ISL  2003    14.31     5.75     4.96     2.64     0.74     0.23
ISL  2004    14.49     5.55     5.24     2.79     0.74     0.17
ISL  2005    14.42     5.61     5.20     2.69     0.69     0.23
ISL  2006    14.53     5.87     5.06     2.74     0.65     0.22
ISL  2007    14.64     5.89     5.12     2.72     0.73     0.18
ISL  2008    15.23     6.10     5.31     2.86     0.76     0.20
ISL  2009    15.78     6.29     5.34     3.12     0.84     0.18
ISL  2010    15.43     6.01     5.14     3.29     0.83     0.16
JPN  1968    18.63     8.60     7.32     2.15     0.39     0.17
JPN  1969    18.58     8.41     7.32     2.31     0.39     0.16
JPN  1970    18.80     8.55     7.33     2.39     0.39     0.15
JPN  1971    19.21     8.65     7.50     2.51     0.40     0.14
JPN  1972    19.30     8.86     7.35     2.54     0.40     0.14
JPN  1973    19.35     8.79     7.36     2.62     0.42     0.15
JPN  1974    18.52     8.45     7.16     2.41     0.38     0.13
JPN  1975    17.14     7.77     6.92     2.02     0.31     0.12
JPN  1976    16.34     7.17     6.80     1.97     0.29     0.11
JPN  1977    15.50     6.59     6.56     1.98     0.28     0.10
JPN  1978    14.95     6.22     6.35     2.02     0.27     0.09
JPN  1979    14.25     5.94     5.95     2.02     0.26     0.08
JPN  1980    13.57     5.75     5.53     1.96     0.26     0.08
JPN  1981    13.07     5.61     5.22     1.91     0.26     0.08
JPN  1982    12.86     5.51     5.10     1.91     0.27     0.08
JPN  1983    12.72     5.47     4.97     1.92     0.27     0.08
JPN  1984    12.48     5.31     4.87     1.93     0.28     0.08
JPN  1985    11.92     5.01     4.69     1.88     0.27     0.07
JPN  1986    11.45     4.85     4.47     1.80     0.27     0.07
JPN  1987    11.10     4.70     4.32     1.76     0.26     0.07
JPN  1988    10.79     4.55     4.18     1.73     0.26     0.06
JPN  1989    10.20     4.38     3.89     1.63     0.25     0.06
JPN  1990     9.96     4.34     3.75     1.57     0.25     0.06
JPN  1991     9.95     4.49     3.66     1.50     0.24     0.06
JPN  1992     9.80     4.51     3.58     1.42     0.23     0.06
JPN  1993     9.61     4.51     3.49     1.34     0.22     0.05
JPN  1994     9.98     4.75     3.60     1.34     0.23     0.06
JPN  1995     9.55     4.56     3.45     1.26     0.22     0.06
JPN  1996     9.68     4.61     3.57     1.24     0.21     0.06
JPN  1997     9.54     4.58     3.50     1.20     0.21     0.05
JPN  1998     9.61     4.66     3.51     1.18     0.20     0.05
JPN  1999     9.39     4.62     3.41     1.12     0.19     0.05
JPN  2000     9.49     4.65     3.47     1.12     0.20     0.05
JPN  2001     9.31     4.56     3.41     1.10     0.19     0.05
JPN  2002     9.16     4.54     3.34     1.04     0.18     0.05
JPN  2003     8.91     4.34     3.32     1.02     0.18     0.05
JPN  2004     8.81     4.26     3.31     1.00     0.18     0.05
JPN  2005     8.43     4.07     3.17     0.97     0.17     0.05
JPN  2006     8.67     4.16     3.24     1.03     0.18     0.05
JPN  2007     8.64     4.12     3.20     1.07     0.19     0.06
JPN  2008     8.66     4.11     3.19     1.09     0.20     0.06
JPN  2009     8.50     4.07     3.10     1.07     0.20     0.06
LTU  1970    17.69     8.03     5.71     2.15     0.90     0.90
LTU  1971    17.66     7.96     5.86     2.12     0.86     0.86
LTU  1972    17.02     7.61     5.74     2.06     0.82     0.79
LTU  1973    16.03     7.21     5.48     1.88     0.73     0.74
LTU  1974    15.88     7.19     5.49     1.78     0.71     0.71
LTU  1975    15.69     7.16     5.42     1.78     0.66     0.67
LTU  1976    15.71     7.19     5.47     1.73     0.67     0.66
LTU  1977    15.54     7.19     5.41     1.73     0.60     0.61
LTU  1978    15.32     7.31     5.28     1.57     0.58     0.58
LTU  1979    15.24     7.35     5.25     1.52     0.56     0.55
LTU  1980    15.09     7.44     5.17     1.46     0.51     0.51
LTU  1981    15.13     7.43     5.24     1.47     0.50     0.49
LTU  1982    15.28     7.38     5.32     1.57     0.52     0.49
LTU  1983    16.43     7.63     6.11     1.65     0.55     0.50
LTU  1984    16.29     7.66     5.93     1.68     0.54     0.49
LTU  1985    16.41     7.81     5.99     1.66     0.50     0.44
LTU  1986    16.61     7.75     6.19     1.72     0.51     0.45
LTU  1987    16.36     7.72     6.02     1.68     0.52     0.41
LTU  1988    15.50     7.40     5.74     1.54     0.44     0.38
LTU  1989    15.14     7.31     5.53     1.51     0.44     0.35
LTU  1990    15.38     7.37     5.57     1.66     0.46     0.32
LTU  1991    15.13     7.51     5.26     1.60     0.44     0.32
LTU  1992    14.71     7.34     5.05     1.57     0.45     0.31
LTU  1993    12.89     6.43     4.48     1.31     0.39     0.28
LTU  1994    11.59     5.85     3.97     1.15     0.37     0.25
LTU  1995    11.36     5.70     3.93     1.10     0.36     0.27
LTU  1996    10.85     5.34     3.82     1.08     0.33     0.28
LTU  1997    10.58     5.11     3.74     1.09     0.35     0.29
LTU  1998    10.43     4.85     3.75     1.14     0.38     0.31
LTU  1999    10.34     4.80     3.61     1.20     0.40     0.32
LTU  2000     9.75     4.57     3.33     1.14     0.39     0.32
LTU  2001     8.98     4.22     3.08     1.00     0.36     0.32
LTU  2002     8.58     4.16     2.90     0.90     0.32     0.30
LTU  2003     8.78     4.27     2.92     0.95     0.32     0.30
LTU  2004     8.82     4.39     2.93     0.90     0.31     0.29
LTU  2005     8.88     4.35     3.03     0.91     0.31     0.29
LTU  2006     9.06     4.57     3.08     0.87     0.25     0.28
LTU  2007     9.29     4.79     3.13     0.89     0.27     0.22
LTU  2008     9.86     5.03     3.43     0.92     0.25     0.23
LTU  2009    10.17     5.02     3.65     1.01     0.25     0.23
LTU  2010     9.91     4.62     3.77     1.04     0.26     0.22
LTU  2011    10.00     4.65     3.82     1.06     0.27     0.20
NLD  1950    22.71     6.17     5.58     3.87     2.48     4.61
NLD  1951    22.25     6.26     5.35     3.75     2.45     4.44
NLD  1952    22.33     6.55     5.30     3.67     2.44     4.38
NLD  1953    21.72     6.28     5.30     3.59     2.35     4.20
NLD  1954    21.49     6.26     5.34     3.52     2.27     4.10
NLD  1955    21.32     6.37     5.27     3.52     2.25     3.91
NLD  1956    21.26     6.44     5.33     3.43     2.19     3.86
NLD  1957    21.21     6.58     5.39     3.43     2.13     3.68
NLD  1958    21.17     6.69     5.44     3.40     2.09     3.55
NLD  1959    21.37     6.73     5.68     3.44     2.06     3.45
NLD  1960    20.82     6.48     5.64     3.46     1.98     3.25
NLD  1961    21.25     6.66     5.77     3.59     2.06     3.17
NLD  1962    20.85     6.70     5.67     3.52     1.99     2.97
NLD  1963    20.88     6.75     5.78     3.53     1.99     2.83
NLD  1964    20.69     6.89     5.78     3.52     1.93     2.57
NLD  1965    19.94     7.04     5.68     3.29     1.74     2.19
NLD  1966    19.23     7.18     5.66     3.07     1.54     1.80
NLD  1967    18.94     7.41     5.72     2.89     1.39     1.53
NLD  1968    18.62     7.40     5.84     2.79     1.29     1.32
NLD  1969    19.22     7.51     6.23     2.96     1.27     1.25
NLD  1970    18.32     7.14     6.14     2.83     1.14     1.07
NLD  1971    17.21     6.95     5.90     2.53     0.98     0.85
NLD  1972    16.06     6.78     5.74     2.14     0.77     0.63
NLD  1973    14.50     6.28     5.43     1.73     0.58     0.48
NLD  1974    13.73     5.99     5.36     1.55     0.47     0.37
NLD  1975    13.01     5.71     5.15     1.42     0.42     0.32
NLD  1976    12.86     5.55     5.14     1.46     0.40     0.30
NLD  1977    12.51     5.34     5.00     1.48     0.40     0.29
NLD  1978    12.59     5.38     4.97     1.57     0.40     0.28
NLD  1979    12.47     5.41     4.74     1.62     0.42     0.28
NLD  1980    12.82     5.52     4.75     1.77     0.46     0.31
NLD  1981    12.54     5.36     4.60     1.77     0.49     0.32
NLD  1982    12.02     5.13     4.37     1.70     0.49     0.33
NLD  1983    11.85     5.19     4.22     1.63     0.47     0.33
NLD  1984    12.09     5.41     4.21     1.65     0.48     0.33
NLD  1985    12.29     5.41     4.36     1.69     0.50     0.34
NLD  1986    12.66     5.52     4.54     1.75     0.50     0.35
NLD  1987    12.73     5.57     4.54     1.75     0.51     0.35
NLD  1988    12.65     5.64     4.42     1.73     0.50     0.35
NLD  1989    12.73     5.64     4.47     1.77     0.52     0.34
NLD  1990    13.24     5.97     4.56     1.84     0.52     0.35
NLD  1991    13.18     5.97     4.57     1.79     0.51     0.34
NLD  1992    12.96     5.74     4.59     1.78     0.52     0.33
NLD  1993    12.80     5.68     4.59     1.73     0.50     0.30
NLD  1994    12.72     5.66     4.54     1.73     0.49     0.30
NLD  1995    12.33     5.50     4.50     1.61     0.45     0.26
NLD  1996    12.21     5.53     4.40     1.59     0.44     0.26
NLD  1997    12.33     5.72     4.37     1.55     0.44     0.25
NLD  1998    12.70     5.98     4.45     1.59     0.43     0.25
NLD  1999    12.68     5.93     4.51     1.57     0.45     0.21
NLD  2000    12.98     6.03     4.65     1.61     0.50     0.19
NLD  2001    12.63     5.84     4.58     1.55     0.42     0.23
NLD  2002    12.52     5.71     4.61     1.57     0.42     0.21
NLD  2003    12.35     5.62     4.56     1.56     0.40     0.21
NLD  2004    11.92     5.43     4.39     1.51     0.39     0.20
NLD  2005    11.52     5.20     4.27     1.47     0.38     0.19
NLD  2006    11.32     5.07     4.23     1.45     0.38     0.19
NLD  2007    11.07     5.00     4.08     1.43     0.38     0.18
NLD  2008    11.23     5.07     4.14     1.46     0.38     0.18
NLD  2009    11.19     5.16     4.04     1.44     0.38     0.17
NOR  1967    17.47     6.51     5.37     3.24     1.48     0.88
NOR  1968    17.65     6.88     5.37     3.16     1.40     0.83
NOR  1969    17.60     6.84     5.46     3.11     1.37     0.83
NOR  1970    16.66     6.69     5.24     2.84     1.19     0.69
NOR  1971    16.79     6.90     5.35     2.78     1.13     0.63
NOR  1972    16.34     6.78     5.41     2.59     1.01     0.55
NOR  1973    15.45     6.46     5.24     2.42     0.87     0.47
NOR  1974    14.96     6.29     5.25     2.26     0.75     0.40
NOR  1975    14.06     6.03     5.05     2.02     0.63     0.33
NOR  1976    13.29     5.75     4.77     1.90     0.57     0.30
NOR  1977    12.59     5.39     4.65     1.80     0.50     0.25
NOR  1978    12.76     5.35     4.79     1.88     0.51     0.23
NOR  1979    12.67     5.27     4.72     1.93     0.53     0.23
NOR  1980    12.50     5.24     4.66     1.89     0.51     0.21
NOR  1981    12.38     5.23     4.50     1.92     0.52     0.21
NOR  1982    12.46     5.24     4.50     1.99     0.52     0.22
NOR  1983    12.11     5.06     4.34     1.98     0.52     0.21
NOR  1984    12.15     5.15     4.36     1.93     0.51     0.21
NOR  1985    12.32     5.35     4.31     1.94     0.52     0.21
NOR  1986    12.61     5.59     4.39     1.95     0.50     0.19
NOR  1987    12.91     5.59     4.62     2.01     0.50     0.20
NOR  1988    13.67     6.01     4.77     2.15     0.54     0.20
NOR  1989    14.04     6.09     4.90     2.29     0.56     0.20
NOR  1990    14.37     6.15     5.01     2.39     0.59     0.22
NOR  1991    14.27     6.11     4.90     2.40     0.63     0.22
NOR  1992    14.02     5.87     4.95     2.34     0.62     0.24
NOR  1993    13.84     5.68     4.95     2.32     0.66     0.23
NOR  1994    13.86     5.61     5.04     2.33     0.64     0.24
NOR  1995    13.83     5.57     5.04     2.37     0.60     0.24
NOR  1996    13.90     5.58     5.05     2.43     0.62     0.23
NOR  1997    13.57     5.39     4.92     2.41     0.62     0.24
NOR  1998    13.17     5.30     4.76     2.30     0.59     0.23
NOR  1999    13.29     5.36     4.76     2.32     0.62     0.24
NOR  2000    13.19     5.31     4.73     2.29     0.61     0.24
NOR  2001    12.56     5.09     4.55     2.13     0.56     0.23
NOR  2002    12.21     4.98     4.49     1.99     0.53     0.22
NOR  2003    12.37     5.10     4.48     2.04     0.53     0.23
NOR  2004    12.40     5.18     4.46     2.02     0.53     0.21
NOR  2005    12.27     5.11     4.45     1.98     0.52     0.21
NOR  2006    12.56     5.31     4.59     1.94     0.51     0.22
NOR  2007    12.41     5.23     4.50     1.97     0.51     0.20
NOR  2008    12.69     5.51     4.49     1.96     0.51     0.22
NOR  2009    12.80     5.54     4.59     1.95     0.50     0.21
PRT  1959    24.08     8.00     4.95     3.43     2.32     5.38
PRT  1960    24.08     8.12     5.05     3.30     2.29     5.34
PRT  1961    24.45     8.03     5.12     3.37     2.37     5.56
PRT  1962    24.73     8.07     5.28     3.40     2.32     5.66
PRT  1963    23.82     7.47     5.22     3.41     2.27     5.45
PRT  1964    24.39     7.64     5.24     3.43     2.48     5.60
PRT  1965    23.63     7.63     5.09     3.29     2.25     5.37
PRT  1966    23.30     7.39     5.18     3.20     2.21     5.32
PRT  1967    22.82     7.51     5.13     3.00     2.07     5.11
PRT  1968    22.10     7.45     5.03     2.87     1.91     4.85
PRT  1969    21.64     7.33     5.08     2.80     1.81     4.63
PRT  1970    20.81     7.34     4.99     2.63     1.68     4.17
PRT  1971    20.83     7.55     5.13     2.62     1.58     3.94
PRT  1972    19.78     7.39     4.97     2.46     1.45     3.52
PRT  1973    19.24     7.24     4.87     2.42     1.40     3.30
PRT  1974    18.94     7.39     4.90     2.34     1.31     3.00
PRT  1975    19.52     8.06     5.29     2.28     1.20     2.69
PRT  1976    20.01     9.39     5.10     2.13     1.11     2.28
PRT  1977    19.14     9.07     5.23     1.95     0.97     1.92
PRT  1978    17.48     8.11     5.14     1.80     0.85     1.58
PRT  1979    16.55     7.38     5.21     1.79     0.82     1.35
PRT  1980    16.18     7.35     5.06     1.77     0.78     1.22
PRT  1981    15.43     6.83     5.04     1.74     0.74     1.08
PRT  1982    15.25     6.87     4.95     1.73     0.72     0.97
PRT  1983    14.51     6.61     4.67     1.66     0.68     0.90
PRT  1984    14.31     6.63     4.54     1.64     0.68     0.82
PRT  1985    13.05     6.13     4.08     1.49     0.61     0.73
PRT  1986    12.66     6.04     3.97     1.40     0.59     0.67
PRT  1987    12.29     5.91     3.89     1.34     0.55     0.61
PRT  1988    12.18     6.08     3.83     1.24     0.50     0.53
PRT  1989    11.83     6.03     3.67     1.17     0.46     0.49
PRT  1990    11.62     5.97     3.68     1.13     0.42     0.42
PRT  1991    11.65     6.03     3.72     1.11     0.40     0.39
PRT  1992    11.52     6.00     3.70     1.08     0.38     0.36
PRT  1993    11.41     6.04     3.64     1.04     0.37     0.32
PRT  1994    10.90     5.77     3.47     1.01     0.36     0.30
PRT  1995    10.66     5.63     3.44     0.98     0.32     0.29
PRT  1996    10.93     5.76     3.60     0.99     0.32     0.26
PRT  1997    11.15     5.86     3.72     1.01     0.32     0.24
PRT  1998    11.14     5.82     3.78     1.02     0.30     0.22
PRT  1999    11.34     6.14     3.75     0.98     0.28     0.18
PRT  2000    11.65     6.34     3.88     0.99     0.27     0.17
PRT  2001    10.87     5.78     3.72     0.95     0.26     0.16
PRT  2002    10.97     5.95     3.67     0.94     0.26     0.16
PRT  2003    10.75     5.83     3.60     0.93     0.26     0.13
PRT  2004    10.41     5.56     3.52     0.93     0.26     0.14
PRT  2005    10.40     5.58     3.57     0.91     0.23     0.12
PRT  2006    10.01     5.36     3.46     0.85     0.22     0.11
PRT  2007     9.71     5.18     3.40     0.83     0.22     0.08
PRT  2008     9.90     5.24     3.47     0.87     0.22     0.10
PRT  2009     9.41     5.05     3.29     0.80     0.20     0.07
PRT  2010     9.59     5.07     3.39     0.84     0.20     0.09
PRT  2011     9.17     4.87     3.24     0.79     0.19     0.09
PRT  2012     8.55     4.65     2.91     0.74     0.18     0.08
RUS  1959    23.61     9.91     6.60     3.19     1.69     2.21
RUS  1960    23.16     9.58     6.61     3.18     1.65     2.15
RUS  1961    21.86     9.31     6.24     2.88     1.47     1.96
RUS  1962    20.14     8.48     5.87     2.64     1.35     1.81
RUS  1963    18.72     7.67     5.63     2.49     1.23     1.69
RUS  1964    16.88     6.96     5.11     2.16     1.09     1.55
RUS  1965    15.71     6.38     4.80     2.02     1.03     1.48
RUS  1966    15.34     6.31     4.71     1.91     0.97     1.44
RUS  1967    14.42     6.18     4.40     1.69     0.85     1.30
RUS  1968    14.07     6.30     4.22     1.55     0.78     1.23
RUS  1969    14.24     6.72     4.29     1.45     0.70     1.09
RUS  1970    14.61     7.44     4.19     1.37     0.61     0.99
RUS  1971    15.08     7.87     4.38     1.34     0.59     0.89
RUS  1972    15.30     8.04     4.57     1.30     0.54     0.84
RUS  1973    15.06     7.99     4.57     1.23     0.49     0.77
RUS  1974    15.61     8.39     4.78     1.23     0.48     0.73
RUS  1975    15.71     8.48     4.91     1.19     0.46     0.67
RUS  1976    15.90     8.60     5.07     1.18     0.43     0.62
RUS  1977    15.86     8.54     5.18     1.17     0.41     0.56
RUS  1978    15.91     8.63     5.25     1.16     0.38     0.50
RUS  1979    15.81     8.63     5.23     1.13     0.37     0.46
RUS  1980    15.91     8.60     5.41     1.14     0.35     0.41
RUS  1981    16.07     8.32     5.75     1.23     0.37     0.40
RUS  1982    16.63     8.16     6.23     1.43     0.41     0.40
RUS  1983    17.57     8.03     7.01     1.67     0.45     0.41
RUS  1984    16.97     7.81     6.58     1.71     0.46     0.40
RUS  1985    16.61     7.49     6.43     1.79     0.49     0.42
RUS  1986    17.25     7.30     6.88     2.07     0.55     0.45
RUS  1987    17.20     7.19     6.85     2.14     0.56     0.46
RUS  1988    16.03     7.01     6.14     1.91     0.52     0.44
RUS  1989    14.66     6.81     5.35     1.63     0.46     0.40
RUS  1990    13.44     6.65     4.60     1.41     0.42     0.36
RUS  1991    12.09     6.35     3.86     1.19     0.37     0.32
RUS  1992    10.69     5.96     3.20     0.95     0.31     0.27
RUS  1993     9.38     5.50     2.71     0.74     0.23     0.19
RUS  1994     9.59     5.72     2.73     0.73     0.22     0.18
RUS  1995     9.27     5.54     2.65     0.70     0.22     0.17
RUS  1996     8.88     5.28     2.56     0.68     0.21     0.16
RUS  1997     8.59     5.03     2.52     0.67     0.21     0.16
RUS  1998     8.76     5.15     2.57     0.67     0.21     0.16
RUS  1999     8.32     4.94     2.41     0.63     0.19     0.14
RUS  2000     8.70     5.20     2.53     0.65     0.19     0.13
RUS  2001     9.05     5.45     2.64     0.64     0.19     0.13
RUS  2002     9.69     5.77     2.87     0.71     0.20     0.14
RUS  2003    10.22     6.07     3.05     0.75     0.21     0.13
RUS  2004    10.45     6.20     3.14     0.76     0.21     0.13
RUS  2005    10.18     6.04     3.08     0.74     0.20     0.12
RUS  2006    10.39     6.18     3.15     0.75     0.20     0.11
RUS  2007    11.33     6.28     3.71     0.95     0.25     0.15
RUS  2008    12.08     6.48     4.07     1.10     0.28     0.15
RUS  2009    12.41     6.56     4.27     1.14     0.29     0.16
RUS  2010    12.61     6.37     4.54     1.22     0.31     0.16
SVK  1950    28.74     9.04     7.76     4.70     2.72     4.53
SVK  1951    28.49     8.90     7.61     4.83     2.78     4.38
SVK  1952    28.02     8.50     7.45     4.89     2.89     4.30
SVK  1953    27.04     8.03     7.10     4.86     2.81     4.25
SVK  1954    26.34     7.53     7.08     4.81     2.82     4.10
SVK  1955    26.12     7.58     6.88     4.77     2.82     4.08
SVK  1956    25.69     7.56     6.71     4.58     2.79     4.06
SVK  1957    24.69     7.29     6.46     4.28     2.68     3.98
SVK  1958    23.28     6.84     6.29     4.05     2.42     3.68
SVK  1959    21.64     6.74     5.90     3.77     2.10     3.13
SVK  1960    21.43     6.78     5.84     3.72     2.03     3.05
SVK  1961    20.87     6.77     5.77     3.57     1.94     2.81
SVK  1962    19.80     6.53     5.57     3.30     1.78     2.63
SVK  1963    20.37     6.58     5.78     3.50     1.82     2.68
SVK  1964    20.10     6.47     5.74     3.50     1.79     2.59
SVK  1965    19.30     6.29     5.59     3.25     1.71     2.47
SVK  1966    18.51     6.27     5.43     3.02     1.56     2.23
SVK  1967    17.48     6.28     5.15     2.73     1.35     1.97
SVK  1968    17.10     6.42     5.01     2.60     1.26     1.81
SVK  1969    17.75     6.86     5.30     2.66     1.26     1.68
SVK  1970    17.83     6.99     5.52     2.62     1.19     1.50
SVK  1971    18.22     7.21     5.82     2.62     1.14     1.43
SVK  1972    19.10     7.50     6.20     2.86     1.17     1.36
SVK  1973    20.02     7.55     6.87     3.08     1.21     1.33
SVK  1974    20.81     8.11     7.03     3.21     1.21     1.25
SVK  1975    20.61     8.20     6.92     3.20     1.14     1.15
SVK  1976    20.85     8.24     7.16     3.26     1.13     1.07
SVK  1977    20.58     8.19     7.15     3.22     1.09     0.93
SVK  1978    20.51     8.23     7.12     3.22     1.08     0.87
SVK  1979    20.32     8.11     7.19     3.17     1.04     0.82
SVK  1980    19.11     7.67     6.75     2.94     1.00     0.75
SVK  1981    18.61     7.25     6.62     3.01     1.00     0.74
SVK  1982    18.34     7.30     6.47     2.92     0.97     0.69
SVK  1983    18.11     7.22     6.34     2.86     0.97     0.72
SVK  1984    17.76     7.13     6.24     2.77     0.93     0.69
SVK  1985    17.51     7.09     6.15     2.71     0.94     0.63
SVK  1986    16.83     6.78     5.98     2.64     0.85     0.58
SVK  1987    16.15     6.67     5.75     2.38     0.80     0.55
SVK  1988    15.93     6.53     5.70     2.38     0.79     0.52
SVK  1989    15.27     6.32     5.42     2.26     0.78     0.50
SVK  1990    15.20     6.34     5.35     2.23     0.77     0.52
SVK  1991    14.88     6.56     4.90     2.15     0.75     0.51
SVK  1992    14.08     6.12     4.67     1.99     0.75     0.55
SVK  1993    13.76     5.96     4.61     1.94     0.72     0.52
SVK  1994    12.43     5.38     4.14     1.74     0.65     0.52
SVK  1995    11.48     4.97     3.85     1.56     0.61     0.50
SVK  1996    11.22     4.81     3.69     1.51     0.65     0.56
SVK  1997    11.01     4.76     3.61     1.45     0.62     0.57
SVK  1998    10.72     4.70     3.53     1.36     0.55     0.57
SVK  1999    10.46     4.68     3.38     1.29     0.54     0.57
SVK  2000    10.25     4.69     3.27     1.22     0.50     0.57
SVK  2001     9.50     4.23     3.09     1.15     0.48     0.56
SVK  2002     9.45     4.30     3.04     1.13     0.45     0.53
SVK  2003     9.61     4.39     3.08     1.12     0.46     0.56
SVK  2004     9.98     4.67     3.12     1.16     0.46     0.58
SVK  2005    10.10     4.69     3.22     1.15     0.46     0.58
SVK  2006    10.00     4.68     3.18     1.13     0.44     0.56
SVK  2007    10.08     4.76     3.23     1.14     0.41     0.55
SVK  2008    10.61     5.15     3.32     1.16     0.43     0.54
SVK  2009    11.30     5.43     3.61     1.27     0.43     0.55
SVN  1983    14.17     6.83     5.53     1.36     0.31     0.15
SVN  1984    13.62     6.68     5.24     1.27     0.28     0.15
SVN  1985    13.37     6.50     5.15     1.28     0.31     0.14
SVN  1986    13.02     6.16     5.17     1.28     0.29     0.13
SVN  1987    12.88     6.10     5.12     1.25     0.27     0.13
SVN  1988    12.65     6.03     4.98     1.23     0.29     0.12
SVN  1989    11.75     5.63     4.57     1.17     0.28     0.11
SVN  1990    11.20     5.34     4.42     1.10     0.22     0.11
SVN  1991    10.79     5.11     4.26     1.09     0.22     0.12
SVN  1992    10.01     4.93     3.80     0.97     0.20     0.11
SVN  1993     9.94     4.71     3.89     1.01     0.23     0.10
SVN  1994     9.78     4.58     3.87     1.02     0.21     0.10
SVN  1995     9.54     4.41     3.76     1.04     0.23     0.09
SVN  1996     9.45     4.42     3.70     1.03     0.21     0.09
SVN  1997     9.15     4.36     3.45     1.01     0.23     0.09
SVN  1998     9.01     4.37     3.37     0.99     0.21     0.08
SVN  1999     8.84     4.38     3.22     0.94     0.20     0.10
SVN  2000     9.14     4.59     3.29     0.94     0.23     0.09
SVN  2001     8.77     4.32     3.20     0.94     0.22     0.10
SVN  2002     8.77     4.49     3.06     0.92     0.21     0.09
SVN  2003     8.68     4.35     3.15     0.90     0.19     0.10
SVN  2004     8.99     4.49     3.22     0.99     0.20     0.10
SVN  2005     9.08     4.58     3.24     0.96     0.20     0.10
SVN  2006     9.43     4.68     3.38     1.03     0.24     0.11
SVN  2007     9.82     4.78     3.59     1.10     0.24     0.11
SVN  2008    10.75     5.32     3.91     1.16     0.25     0.11
SVN  2009    10.72     5.26     3.90     1.15     0.28     0.12
SWE  1970    13.69     6.01     4.91     1.88     0.57     0.32
SWE  1971    14.14     6.34     5.03     1.91     0.56     0.29
SWE  1972    13.84     6.20     4.99     1.87     0.52     0.26
SWE  1973    13.49     6.04     4.87     1.85     0.50     0.24
SWE  1974    13.48     5.96     5.00     1.82     0.48     0.21
SWE  1975    12.66     5.62     4.77     1.66     0.42     0.19
SWE  1976    11.97     5.23     4.62     1.56     0.39     0.17
SWE  1977    11.65     4.96     4.60     1.54     0.38     0.17
SWE  1978    11.28     4.67     4.47     1.58     0.39     0.17
SWE  1979    11.62     4.75     4.48     1.77     0.44     0.18
SWE  1980    11.70     4.84     4.39     1.80     0.47     0.19
SWE  1981    11.32     4.64     4.22     1.82     0.46     0.18
SWE  1982    11.18     4.55     4.15     1.83     0.46     0.18
SWE  1983    11.03     4.48     4.05     1.84     0.49     0.18
SWE  1984    11.27     4.52     4.11     1.91     0.53     0.20
SWE  1985    11.80     4.75     4.19     2.05     0.59     0.22
SWE  1986    12.18     5.05     4.24     2.06     0.60     0.23
SWE  1987    12.48     5.23     4.38     2.03     0.59     0.24
SWE  1988    13.32     5.57     4.69     2.16     0.63     0.26
SWE  1989    13.70     5.80     4.74     2.22     0.67     0.27
SWE  1990    14.54     6.13     5.02     2.34     0.74     0.31
SWE  1991    14.37     5.92     5.03     2.36     0.73     0.32
SWE  1992    14.11     5.61     5.12     2.31     0.75     0.32
SWE  1993    13.46     5.33     4.93     2.18     0.69     0.34
SWE  1994    12.79     5.03     4.79     2.02     0.63     0.31
SWE  1995    11.72     4.68     4.38     1.84     0.55     0.27
SWE  1996    10.79     4.43     4.04     1.60     0.47     0.25
SWE  1997    10.25     4.24     3.85     1.48     0.45     0.23
SWE  1998    10.14     4.18     3.78     1.50     0.45     0.24
SWE  1999    10.05     4.22     3.67     1.48     0.44     0.24
SWE  2000    10.29     4.49     3.61     1.50     0.45     0.25
SWE  2001    10.37     4.58     3.66     1.46     0.43     0.24
SWE  2002    10.84     4.88     3.84     1.46     0.42     0.23
SWE  2003    11.19     4.99     3.99     1.53     0.45     0.23
SWE  2004    11.34     5.04     4.11     1.53     0.43     0.24
SWE  2005    11.34     5.00     4.18     1.50     0.43     0.23
SWE  2006    11.76     5.23     4.30     1.56     0.43     0.23
SWE  2007    11.82     5.29     4.27     1.59     0.43     0.24
SWE  2008    11.92     5.39     4.27     1.59     0.43     0.24
SWE  2009    12.04     5.43     4.38     1.56     0.42     0.24
SWE  2010    12.34     5.50     4.53     1.63     0.43     0.25
SWE  2011    11.82     5.20     4.40     1.55     0.43     0.24
CHE  1998    11.11     5.09     4.09     1.42     0.37     0.13
CHE  1999    10.98     5.15     3.97     1.38     0.35     0.13
CHE  2000    10.92     5.12     3.95     1.36     0.36     0.13
CHE  2001    10.01     4.78     3.62     1.19     0.30     0.11
CHE  2002     9.95     4.77     3.61     1.18     0.29     0.10
CHE  2003     9.80     4.77     3.51     1.16     0.27     0.10
CHE  2004     9.90     4.89     3.54     1.12     0.26     0.09
CHE  2005     9.81     4.91     3.45     1.11     0.26     0.09
CHE  2006     9.81     4.90     3.47     1.11     0.25     0.09
CHE  2007     9.87     4.86     3.58     1.08     0.27     0.08
CHE  2008    10.04     4.90     3.65     1.14     0.27     0.09
CHE  2009    10.12     4.95     3.67     1.14     0.27     0.09
CHE  2010    10.26     5.06     3.71     1.15     0.26     0.08
CHE  2011    10.21     5.02     3.72     1.14     0.26     0.08
TWN  1976    25.89     9.07     7.18     5.04     2.60     1.99
TWN  1977    23.49     8.50     6.87     4.40     2.15     1.58
TWN  1978    24.07     8.54     7.34     4.75     2.07     1.36
TWN  1979    24.15     8.97     7.28     4.81     1.95     1.14
TWN  1980    23.13     8.43     7.19     4.66     1.87     0.98
TWN  1981    22.86     8.57     7.18     4.52     1.76     0.84
TWN  1982    21.80     8.40     6.88     4.19     1.60     0.73
TWN  1983    20.36     7.83     6.72     3.85     1.34     0.61
TWN  1984    19.43     7.64     6.68     3.47     1.13     0.51
TWN  1985    17.84     7.19     6.23     3.09     0.93     0.40
TWN  1986    15.76     6.82     5.35     2.53     0.74     0.32
TWN  1987    15.96     6.75     5.72     2.55     0.67     0.26
TWN  1988    17.25     6.94     6.31     2.99     0.74     0.26
TWN  1989    15.61     6.80     5.46     2.52     0.61     0.21
TWN  1990    16.62     7.12     5.99     2.72     0.60     0.19
TWN  1991    15.68     6.61     5.73     2.60     0.56     0.17
TWN  1992    15.60     6.82     5.54     2.54     0.54     0.16
TWN  1993    15.68     6.85     5.61     2.55     0.52     0.15
TWN  1994    15.44     6.72     5.64     2.48     0.48     0.13
TWN  1995    15.44     6.76     5.67     2.43     0.46     0.12
TWN  1996    15.20     6.53     5.63     2.46     0.47     0.12
TWN  1997    15.11     6.54     5.61     2.40     0.44     0.11
TWN  1998    12.42     5.71     4.33     1.91     0.37     0.10
TWN  1999    13.04     5.92     4.94     1.79     0.31     0.08
TWN  2000    14.01     6.52     5.14     1.91     0.35     0.09
TWN  2001    11.61     5.79     4.10     1.41     0.25     0.07
TWN  2002    10.99     5.51     4.03     1.17     0.21     0.06
TWN  2003    10.09     5.18     3.69     0.98     0.18     0.06
TWN  2004     9.62     5.04     3.48     0.89     0.17     0.05
TWN  2005     9.09     4.65     3.40     0.84     0.15     0.05
TWN  2006     9.02     4.75     3.27     0.80     0.15     0.05
TWN  2007     8.89     4.69     3.25     0.76     0.14     0.05
TWN  2008     8.54     4.55     3.11     0.71     0.13     0.05
TWN  2009     8.33     4.47     3.04     0.65     0.12     0.04
TWN  2010     7.19     3.82     2.60     0.62     0.12     0.04
GBR_NIR  1997    14.43     5.58     4.49     2.53     1.10     0.73
GBR_NIR  1998    14.13     5.52     4.41     2.49     1.02     0.68
GBR_NIR  1999    13.67     5.57     4.29     2.22     0.97     0.62
GBR_NIR  2000    12.78     5.15     3.99     2.16     0.91     0.57
GBR_NIR  2001    13.00     5.16     4.25     2.17     0.88     0.53
GBR_NIR  2002    12.61     5.22     4.06     2.05     0.80     0.48
GBR_NIR  2003    12.72     5.29     4.13     2.06     0.77     0.47
GBR_NIR  2004    13.04     5.42     4.32     2.11     0.77     0.43
GBR_NIR  2005    12.95     5.54     4.16     2.07     0.77     0.41
GBR_NIR  2006    13.37     5.71     4.34     2.10     0.80     0.41
GBR_NIR  2007    13.91     5.91     4.56     2.23     0.82     0.39
GBR_NIR  2008    14.45     6.19     4.72     2.28     0.85     0.41
GBR_NIR  2009    13.93     6.00     4.57     2.17     0.77     0.41
GBR_NIR  2010    14.07     5.86     4.77     2.26     0.80     0.38
GBR_NIR  2011    13.97     5.74     4.76     2.26     0.83     0.38
USA  1933    16.57     5.23     3.72     2.39     1.60     3.62
USA  1934    17.15     5.66     3.83     2.43     1.61     3.62
USA  1935    16.93     5.91     3.76     2.32     1.53     3.42
USA  1936    16.75     5.97     3.84     2.26     1.46     3.22
USA  1937    17.09     6.28     3.99     2.27     1.43     3.12
USA  1938    17.61     6.60     4.20     2.34     1.42     3.05
USA  1939    17.30     6.46     4.24     2.33     1.39     2.88
USA  1940    17.88     6.61     4.50     2.46     1.43     2.87
USA  1941    18.89     7.34     4.74     2.54     1.45     2.81
USA  1942    20.99     8.64     5.30     2.74     1.52     2.80
USA  1943    21.92     8.10     5.96     3.15     1.71     2.99
USA  1944    20.99     7.19     5.66     3.28     1.79     3.07
USA  1945    20.33     6.87     5.46     3.19     1.77     3.05
USA  1946    23.67     9.00     6.52     3.39     1.82     2.95
USA  1947    25.82    10.68     6.93     3.55     1.80     2.86
USA  1948    24.20     8.96     7.01     3.64     1.81     2.79
USA  1949    23.94     8.12     7.20     3.85     1.92     2.86
USA  1950    23.52     7.40     7.13     4.10     2.03     2.86
USA  1951    24.45     7.66     7.16     4.40     2.24     2.98
USA  1952    24.70     7.39     7.10     4.64     2.44     3.13
USA  1953    24.65     7.15     6.97     4.70     2.56     3.26
USA  1954    24.92     7.09     6.85     4.81     2.71     3.46
USA  1955    24.64     6.83     6.63     4.81     2.77     3.58
USA  1956    24.88     6.87     6.55     4.85     2.86     3.75
USA  1957    24.97     6.84     6.44     4.87     2.93     3.90
USA  1958    24.25     6.50     6.19     4.72     2.92     3.93
USA  1959    23.96     6.32     6.01     4.64     2.94     4.05
USA  1960    23.65     6.20     5.84     4.57     2.93     4.11
USA  1961    23.33     6.15     5.63     4.45     2.91     4.18
USA  1962    22.43     5.99     5.39     4.21     2.77     4.07
USA  1963    21.74     5.99     5.24     3.99     2.62     3.90
USA  1964    21.07     6.10     5.05     3.77     2.46     3.69
USA  1965    19.43     5.99     4.71     3.34     2.15     3.24
USA  1966    18.44     6.27     4.54     2.99     1.86     2.78
USA  1967    17.83     6.27     4.60     2.84     1.69     2.44
USA  1968    17.56     6.58     4.61     2.71     1.54     2.12
USA  1969    17.86     6.78     4.83     2.78     1.52     1.97
USA  1970    18.29     7.11     5.03     2.84     1.49     1.83
USA  1971    17.20     6.75     4.87     2.63     1.35     1.60
USA  1972    15.58     6.36     4.57     2.26     1.12     1.27
USA  1973    14.85     6.19     4.52     2.10     0.97     1.06
USA  1974    14.82     6.27     4.67     2.07     0.90     0.91
USA  1975    14.60     6.21     4.63     2.07     0.86     0.83
USA  1976    14.57     6.17     4.67     2.12     0.84     0.77
USA  1977    15.14     6.39     4.89     2.26     0.87     0.74
USA  1978    15.01     6.38     4.83     2.26     0.86     0.69
USA  1979    15.57     6.64     5.01     2.35     0.89     0.68
USA  1980    15.91     6.87     5.08     2.38     0.90     0.67
USA  1981    15.82     6.81     5.08     2.38     0.89     0.65
USA  1982    15.89     6.76     5.18     2.42     0.90     0.63
USA  1983    15.57     6.59     5.10     2.38     0.89     0.62
USA  1984    15.56     6.52     5.15     2.40     0.88     0.60
USA  1985    15.81     6.57     5.25     2.47     0.91     0.60
USA  1986    15.65     6.51     5.16     2.47     0.91     0.60
USA  1987    15.73     6.50     5.17     2.52     0.93     0.60
USA  1988    15.99     6.56     5.24     2.60     0.97     0.63
USA  1989    16.37     6.71     5.30     2.68     1.02     0.66
USA  1990    16.66     6.81     5.37     2.74     1.05     0.69
USA  1991    16.26     6.62     5.22     2.67     1.04     0.70
USA  1992    15.85     6.39     5.14     2.61     1.02     0.69
USA  1993    15.40     6.26     4.99     2.50     0.98     0.67
USA  1994    15.03     6.19     4.84     2.42     0.94     0.64
USA  1995    14.66     6.10     4.71     2.34     0.90     0.62
USA  1996    14.46     5.94     4.68     2.33     0.90     0.61
USA  1997    14.25     5.81     4.63     2.32     0.89     0.60
USA  1998    14.30     5.76     4.68     2.36     0.91     0.60
USA  1999    14.21     5.73     4.63     2.35     0.90     0.59
USA  2000    14.41     5.78     4.68     2.41     0.93     0.60
USA  2001    14.15     5.62     4.61     2.38     0.93     0.60
USA  2002    14.00     5.57     4.56     2.36     0.92     0.59
USA  2003    14.11     5.65     4.57     2.37     0.93     0.59
USA  2004    14.06     5.60     4.53     2.38     0.94     0.60
USA  2005    14.01     5.57     4.51     2.38     0.95     0.61
USA  2006    14.30     5.72     4.57     2.42     0.97     0.62
USA  2007    14.33     5.76     4.55     2.41     0.98     0.63
USA  2008    13.97     5.64     4.40     2.33     0.96     0.63
USA  2009    13.47     5.45     4.24     2.23     0.93     0.62
USA  2010    12.94     5.23     4.07     2.14     0.89     0.61
UKR  1959    20.89     9.96     6.40     2.53     1.00     0.99
UKR  1960    20.55     9.81     6.38     2.47     0.95     0.94
UKR  1961    19.45     9.02     6.38     2.33     0.88     0.84
UKR  1962    18.74     8.96     5.96     2.22     0.82     0.78
UKR  1963    17.89     8.24     5.95     2.17     0.79     0.74
UKR  1964    16.50     7.61     5.58     1.96     0.70     0.66
UKR  1965    15.25     6.80     5.34     1.84     0.66     0.61
UKR  1966    15.57     6.92     5.43     1.91     0.68     0.63
UKR  1967    15.13     6.87     5.24     1.81     0.63     0.58
UKR  1968    14.86     6.93     5.11     1.68     0.59     0.55
UKR  1969    14.64     6.90     5.12     1.58     0.54     0.50
UKR  1970    15.21     7.49     5.13     1.59     0.51     0.48
UKR  1971    15.47     7.88     5.09     1.56     0.49     0.46
UKR  1972    15.54     8.05     5.08     1.51     0.48     0.43
UKR  1973    14.89     7.89     4.81     1.37     0.43     0.39
UKR  1974    15.15     7.94     5.01     1.36     0.43     0.41
UKR  1975    15.11     7.89     5.04     1.36     0.42     0.41
UKR  1976    15.20     8.03     5.07     1.30     0.41     0.40
UKR  1977    14.71     7.65     5.07     1.25     0.38     0.37
UKR  1978    14.78     7.88     5.02     1.17     0.36     0.35
UKR  1979    14.78     7.98     5.03     1.12     0.33     0.32
UKR  1980    14.86     8.11     5.05     1.08     0.32     0.30
UKR  1981    14.61     7.57     5.29     1.13     0.32     0.29
UKR  1982    14.80     7.54     5.44     1.20     0.33     0.30
UKR  1983    15.96     7.62     6.27     1.41     0.36     0.30
UKR  1984    15.60     7.50     6.05     1.39     0.36     0.30
UKR  1985    14.98     7.08     5.87     1.37     0.36     0.30
UKR  1986    15.51     7.05     6.21     1.52     0.40     0.34
UKR  1987    14.85     6.84     5.84     1.44     0.39     0.34
UKR  1988    14.48     6.91     5.55     1.33     0.36     0.33
UKR  1989    13.42     6.63     5.00     1.17     0.32     0.30
UKR  1990    12.74     6.66     4.45     1.05     0.29     0.28
UKR  1991    12.21     6.63     4.04     0.98     0.29     0.26
UKR  1992    11.52     6.44     3.68     0.89     0.26     0.24
UKR  1993    10.76     6.06     3.42     0.82     0.24     0.23
UKR  1994    10.13     5.87     3.08     0.74     0.23     0.21
UKR  1995     9.65     5.69     2.89     0.68     0.21     0.19
UKR  1996     9.23     5.50     2.72     0.63     0.19     0.18
UKR  1997     8.82     5.25     2.60     0.60     0.19     0.18
UKR  1998     8.43     5.02     2.48     0.57     0.18     0.17
UKR  1999     7.89     4.68     2.33     0.54     0.17     0.17
UKR  2000     7.88     4.73     2.31     0.52     0.16     0.15
UKR  2001     7.78     4.67     2.30     0.50     0.15     0.14
UKR  2002     8.14     4.84     2.47     0.53     0.16     0.15
UKR  2003     8.58     5.11     2.62     0.55     0.16     0.15
UKR  2004     9.04     5.46     2.70     0.57     0.16     0.15
UKR  2005     9.08     5.37     2.80     0.60     0.17     0.15
UKR  2006     9.88     5.62     3.22     0.69     0.19     0.17
UKR  2007    10.21     5.78     3.34     0.71     0.20     0.17
UKR  2008    11.09     6.12     3.70     0.86     0.23     0.19
UKR  2009    11.17     5.93     3.84     0.95     0.25     0.20
