Cohort mean ages at birth by birth order and cohort mean ages at birth by birth order by age 40
Last modified: 25/09/2014
Code Cohort    CMAB     CMAB1     CMAB2     CMAB3     CMAB4    CMAB5p    CMAB40  CMAB40_1  CMAB40_2  CMAB40_3  CMAB40_4 CMAB40_5p
AUT  1969         .         .         .         .         .         .     27.73     25.96     28.68     30.90     32.15     33.52
AUT  1970         .         .         .         .         .         .     27.89     26.13     28.80     31.00     32.51     33.95
BLR  1949     26.24     23.68     27.64     30.13     31.54     34.04     26.11     23.62     27.57     29.91     31.07     33.26
BLR  1950     26.16     23.61     27.60     30.14     31.51     33.96     26.04     23.54     27.54     29.94     31.11     33.26
BLR  1951     26.08     23.54     27.55     30.12     31.47     33.81     25.96     23.48     27.50     29.91     31.11     33.12
BLR  1952     26.02     23.51     27.53     30.09     31.49     33.79     25.91     23.46     27.48     29.89     31.13     33.05
BLR  1953     25.95     23.48     27.48     29.93     31.46     33.74     25.84     23.43     27.43     29.75     31.10     33.02
BLR  1954     25.84     23.43     27.36     29.72     31.31     33.44     25.75     23.38     27.31     29.56     30.92     32.75
BLR  1955     25.72     23.37     27.22     29.53     31.06     33.24     25.63     23.33     27.17     29.36     30.68     32.53
BLR  1956     25.61     23.34     27.06     29.34     30.90     33.16     25.52     23.30     27.02     29.15     30.52     32.48
BLR  1957     25.49     23.31     26.89     29.18     30.82     33.16     25.40     23.28     26.85     28.98     30.41     32.44
BLR  1958     25.36     23.26     26.78     29.00     30.70     33.06     25.27     23.23     26.73     28.78     30.27     32.29
BLR  1959     25.26     23.23     26.65     28.92     30.67     32.97     25.16     23.20     26.60     28.67     30.19     32.28
BLR  1960     25.16     23.20     26.53     28.84     30.66     32.96     25.06     23.16     26.46     28.58     30.13     32.22
BLR  1961     25.06     23.15     26.40     28.79     30.40     33.01     24.95     23.11     26.33     28.48     29.90     32.16
BLR  1962     24.98     23.12     26.31     28.83     30.58     33.11     24.87     23.08     26.23     28.46     30.02     32.27
BLR  1963         .         .         .         .         .         .     24.81     23.04     26.21     28.55     30.43     32.19
BLR  1964         .         .         .         .         .         .     24.76     22.98     26.20     28.67     30.45     32.19
BLR  1965         .         .         .         .         .         .     24.74     22.92     26.21     28.78     30.39     32.43
BLR  1966         .         .         .         .         .         .     24.73     22.89     26.23     28.91     30.32     32.38
BLR  1967         .         .         .         .         .         .     24.70     22.80     26.41     29.10     30.59     32.41
BLR  1968         .         .         .         .         .         .     24.74     22.76     26.60     29.37     31.07     32.53
BLR  1969         .         .         .         .         .         .     24.83     22.76     26.85     29.68     31.24     32.66
BLR  1970         .         .         .         .         .         .     25.00     22.83     27.22     30.03     31.45     32.83
BLR  1971         .         .         .         .         .         .     25.20     22.92     27.54     30.45     31.67     32.97
BLR  1972         .         .         .         .         .         .     25.37     22.97     27.85     30.83     31.75     33.15
BGR  1932     25.14     22.52     26.17     27.64     29.15     32.33     25.01     22.46     26.11     27.48     28.93     31.66
BGR  1933     25.06     22.44     26.14     27.68     29.10     32.31     24.93     22.39     26.08     27.52     28.89     31.66
BGR  1934     24.97     22.36     26.09     27.69     29.06     32.17     24.85     22.32     26.03     27.54     28.85     31.55
BGR  1935     24.89     22.29     26.05     27.69     29.04     32.06     24.77     22.25     25.99     27.53     28.81     31.46
BGR  1936     24.84     22.23     26.02     27.70     29.02     32.16     24.73     22.19     25.96     27.56     28.79     31.59
BGR  1937     24.77     22.17     25.96     27.68     29.00     32.09     24.67     22.14     25.91     27.55     28.80     31.59
BGR  1938     24.70     22.11     25.91     27.66     28.99     32.01     24.60     22.07     25.86     27.53     28.78     31.43
BGR  1939     24.61     22.04     25.86     27.61     28.89     31.84     24.52     21.99     25.82     27.48     28.70     31.28
BGR  1940     24.55     21.97     25.83     27.55     28.83     31.97     24.46     21.93     25.79     27.41     28.62     31.40
BGR  1941     24.44     21.90     25.77     27.43     28.70     31.96     24.35     21.86     25.73     27.28     28.50     31.38
BGR  1942     24.36     21.86     25.73     27.31     28.65     31.88     24.28     21.82     25.69     27.18     28.46     31.33
BGR  1943     24.34     21.88     25.72     27.20     28.64     31.71     24.26     21.84     25.67     27.08     28.42     31.22
BGR  1944     24.29     21.89     25.69     27.11     28.61     31.62     24.20     21.84     25.64     26.96     28.36     31.08
BGR  1945     24.24     21.90     25.64     26.98     28.53     31.65     24.15     21.86     25.60     26.81     28.25     31.05
BGR  1946     24.32     22.03     25.69     27.00     28.53     31.54     24.24     21.99     25.65     26.84     28.30     31.05
BGR  1947     24.31     22.06     25.65     26.99     28.41     31.48     24.22     22.02     25.60     26.83     28.18     30.91
BGR  1948     24.24     22.05     25.56     27.01     28.37     31.29     24.15     22.00     25.52     26.79     28.15     30.75
BGR  1949     24.17     22.02     25.48     26.92     28.30     31.36     24.10     21.98     25.44     26.78     28.04     30.84
BGR  1950     24.12     22.05     25.36     26.75     28.13     31.48     24.04     22.01     25.32     26.60     27.87     30.95
BGR  1951     24.13     22.08     25.32     26.76     28.14     31.23     24.05     22.04     25.28     26.59     27.86     30.71
BGR  1952     24.05     22.04     25.21     26.74     27.95     31.25     23.97     22.00     25.17     26.58     27.74     30.74
BGR  1953     24.01     22.04     25.18     26.69     27.98     30.88     23.93     22.00     25.14     26.54     27.73     30.44
BGR  1954     23.98     22.03     25.11     26.72     27.93     30.93     23.90     21.99     25.07     26.57     27.67     30.41
BGR  1955     23.94     22.03     25.08     26.53     27.90     30.83     23.87     21.98     25.04     26.36     27.63     30.42
BGR  1956     23.85     21.99     24.97     26.39     27.66     30.59     23.77     21.94     24.93     26.24     27.44     30.16
BGR  1957     23.80     21.94     24.93     26.33     27.74     30.41     23.73     21.89     24.90     26.21     27.52     29.99
BGR  1958     23.72     21.92     24.87     26.23     27.47     30.46     23.64     21.86     24.83     26.04     27.22     29.95
BGR  1959     23.70     21.92     24.85     26.22     27.64     30.57     23.62     21.86     24.81     26.06     27.32     30.03
BGR  1960         .         .         .         .         .         .     23.60     21.85     24.79     26.01     27.26     30.34
BGR  1961         .         .         .         .         .         .     23.56     21.90     24.70     26.01     27.33     30.34
BGR  1962         .         .         .         .         .         .     23.55     21.93     24.68     25.78     27.24     30.28
BGR  1963         .         .         .         .         .         .     23.49     21.94     24.57     25.61     27.20     30.40
BGR  1964         .         .         .         .         .         .     23.41     21.87     24.46     25.65     27.32     30.33
BGR  1965         .         .         .         .         .         .     23.46     21.99     24.54     25.55     27.19     30.15
BGR  1966         .         .         .         .         .         .     23.52     22.05     24.70     25.68     27.48     30.51
BGR  1967         .         .         .         .         .         .     23.64     22.17     24.91     25.78     27.45     30.56
BGR  1968         .         .         .         .         .         .     23.71     22.26     25.00     25.93     27.48     30.89
BGR  1969         .         .         .         .         .         .     24.03     22.57     25.39     26.28     27.68     30.84
CAN  1929     27.57     23.98     26.33     28.42     29.96     32.31     27.36     23.92     26.24     28.28     29.75     31.84
CAN  1930     27.37     23.86     26.21     28.28     29.78     32.01     27.19     23.80     26.13     28.16     29.61     31.60
CAN  1931     27.13     23.75     26.06     28.09     29.54     31.65     26.97     23.69     25.98     27.98     29.39     31.29
CAN  1932     26.86     23.62     25.91     27.87     29.26     31.27     26.72     23.56     25.84     27.77     29.12     30.96
CAN  1933     26.59     23.49     25.75     27.65     28.98     30.91     26.46     23.43     25.69     27.56     28.85     30.63
CAN  1934     26.36     23.38     25.64     27.48     28.75     30.62     26.25     23.33     25.57     27.40     28.63     30.36
CAN  1935     26.15     23.30     25.54     27.33     28.54     30.33     26.04     23.25     25.47     27.25     28.42     30.07
CAN  1936     25.92     23.21     25.44     27.17     28.31     30.02     25.82     23.16     25.37     27.09     28.19     29.77
CAN  1937     25.72     23.15     25.37     27.03     28.08     29.76     25.62     23.10     25.30     26.95     27.97     29.51
CAN  1938     25.55     23.12     25.33     26.92     27.89     29.55     25.46     23.07     25.27     26.83     27.79     29.31
CAN  1939     25.43     23.12     25.33     26.86     27.81     29.46     25.34     23.08     25.27     26.77     27.69     29.18
CAN  1940     25.35     23.17     25.35     26.86     27.83     29.45     25.25     23.12     25.29     26.77     27.68     29.13
CAN  1941     25.30     23.21     25.41     26.93     27.91     29.49     25.20     23.16     25.35     26.83     27.75     29.15
CAN  1942     25.32     23.28     25.57     27.10     28.12     29.68     25.22     23.23     25.50     26.99     27.94     29.30
CAN  1943     25.43     23.41     25.79     27.38     28.40     29.92     25.32     23.36     25.71     27.27     28.21     29.48
CAN  1944     25.61     23.59     26.05     27.74     28.76     30.28     25.49     23.53     25.97     27.61     28.53     29.76
CAN  1945     25.75     23.71     26.29     28.04     29.11     30.68     25.63     23.65     26.20     27.89     28.84     30.10
CAN  1946     25.81     23.76     26.44     28.25     29.35     30.98     25.68     23.69     26.35     28.10     29.07     30.36
CAN  1947     25.93     23.87     26.63     28.50     29.65     31.39     25.79     23.80     26.52     28.33     29.34     30.70
CAN  1948     26.15     24.08     26.84     28.79     30.03     31.80     26.00     24.00     26.74     28.60     29.69     31.07
CAN  1949     26.36     24.29     27.08     29.04     30.34     32.18     26.20     24.19     26.95     28.84     29.98     31.39
CAN  1950     26.54     24.47     27.27     29.24     30.59     32.51     26.36     24.37     27.13     29.03     30.22     31.65
CAN  1951     26.69     24.62     27.41     29.39     30.85     32.83     26.51     24.52     27.26     29.16     30.46     31.92
CAN  1952     26.82     24.77     27.52     29.49     30.98     33.04     26.63     24.66     27.36     29.27     30.57     32.13
CAN  1953     26.91     24.87     27.61     29.57     31.10     33.17     26.71     24.75     27.45     29.33     30.67     32.20
CAN  1954     27.02     24.98     27.75     29.69     31.23     33.27     26.81     24.86     27.58     29.44     30.79     32.32
CAN  1955     27.15     25.11     27.89     29.83     31.34     33.40     26.93     24.97     27.71     29.57     30.91     32.47
CAN  1956     27.27     25.24     28.04     29.92     31.41     33.44     27.05     25.10     27.85     29.67     30.97     32.49
CAN  1957     27.40     25.37     28.18     30.01     31.43     33.47     27.18     25.23     27.99     29.75     30.99     32.52
CAN  1958     27.54     25.54     28.31     30.09     31.48     33.52     27.31     25.39     28.11     29.82     31.02     32.55
CAN  1959     27.69     25.71     28.44     30.17     31.52     33.52     27.45     25.56     28.23     29.88     31.06     32.57
CAN  1960         .         .         .         .         .         .     27.57     25.71     28.37     29.95     31.08     32.61
CAN  1961         .         .         .         .         .         .     27.70     25.87     28.53     30.01     31.05     32.47
CAN  1962         .         .         .         .         .         .     27.82     26.02     28.67     30.06     31.08     32.44
CAN  1963         .         .         .         .         .         .     27.94     26.17     28.81     30.15     31.11     32.54
CAN  1964         .         .         .         .         .         .     28.03     26.30     28.92     30.18     31.08     32.49
CAN  1965         .         .         .         .         .         .     28.10     26.39     29.00     30.20     31.07     32.43
CAN  1966         .         .         .         .         .         .     28.15     26.44     29.07     30.22     31.04     32.35
CAN  1967         .         .         .         .         .         .     28.21     26.50     29.15     30.25     31.02     32.37
CAN  1968         .         .         .         .         .         .     28.32     26.62     29.26     30.36     31.10     32.43
CAN  1969         .         .         .         .         .         .     28.42     26.74     29.37     30.43     31.19     32.43
CZE  1935     25.18     22.74     25.92     28.07     29.67     31.93     25.07     22.70     25.87     27.92     29.34     31.33
CZE  1936     25.19     22.75     25.97     28.18     29.79     31.89     25.09     22.71     25.92     28.01     29.49     31.33
CZE  1937     25.17     22.72     25.97     28.23     29.80     31.72     25.07     22.68     25.93     28.07     29.50     31.19
CZE  1938     25.14     22.65     25.96     28.28     29.97     31.78     25.05     22.62     25.92     28.16     29.68     31.24
CZE  1939     25.06     22.52     25.90     28.38     29.98     31.90     24.96     22.50     25.86     28.23     29.67     31.31
CZE  1940     25.02     22.49     25.92     28.47     30.10     31.73     24.93     22.46     25.88     28.32     29.78     31.18
CZE  1941     25.06     22.52     26.03     28.62     30.36     31.61     24.99     22.50     26.00     28.51     30.07     31.04
CZE  1942     25.13     22.55     26.14     28.92     30.53     31.81     25.06     22.53     26.11     28.81     30.24     31.24
CZE  1943     25.15     22.57     26.20     29.03     30.42     31.79     25.08     22.54     26.17     28.90     30.13     31.21
CZE  1944     25.15     22.55     26.24     29.08     30.47     31.76     25.08     22.53     26.21     28.96     30.19     31.22
CZE  1945     25.13     22.56     26.22     29.03     30.42     31.72     25.07     22.54     26.19     28.92     30.13     31.20
CZE  1946     25.17     22.65     26.24     29.01     30.35     31.68     25.11     22.63     26.21     28.89     30.07     31.11
CZE  1947     25.14     22.67     26.15     28.91     30.35     31.62     25.07     22.64     26.13     28.79     30.04     31.06
CZE  1948     25.04     22.62     25.97     28.72     30.30     31.63     24.98     22.60     25.94     28.59     29.99     30.97
CZE  1949     24.95     22.60     25.79     28.56     30.15     31.61     24.88     22.58     25.77     28.43     29.82     30.92
CZE  1950     24.85     22.57     25.63     28.47     30.23     31.64     24.78     22.55     25.60     28.32     29.87     30.92
CZE  1951     24.79     22.56     25.50     28.38     30.37     31.78     24.71     22.53     25.47     28.23     29.99     31.00
CZE  1952     24.72     22.55     25.39     28.32     30.28     31.83     24.64     22.53     25.36     28.18     29.94     31.13
CZE  1953     24.64     22.50     25.30     28.23     30.39     31.91     24.56     22.48     25.26     28.09     30.01     31.28
CZE  1954     24.57     22.44     25.23     28.28     30.28     32.01     24.49     22.41     25.19     28.12     29.94     31.26
CZE  1955     24.51     22.37     25.18     28.29     30.38     32.07     24.43     22.34     25.15     28.14     30.00     31.37
CZE  1956     24.46     22.31     25.12     28.29     30.34     32.13     24.38     22.29     25.09     28.12     29.94     31.41
CZE  1957     24.44     22.27     25.11     28.34     30.52     32.40     24.35     22.24     25.07     28.16     30.09     31.62
CZE  1958     24.48     22.28     25.17     28.40     30.69     32.43     24.38     22.25     25.12     28.20     30.25     31.59
CZE  1959     24.50     22.32     25.23     28.47     30.57     32.66     24.39     22.28     25.17     28.23     30.11     31.80
CZE  1960     24.58     22.38     25.30     28.64     30.71     32.95     24.44     22.33     25.24     28.36     30.15     32.07
CZE  1961     24.62     22.39     25.39     28.75     30.93     33.08     24.48     22.35     25.31     28.43     30.35     32.10
CZE  1962         .         .         .         .         .         .     24.52     22.39     25.39     28.62     30.51     32.28
CZE  1963         .         .         .         .         .         .     24.54     22.42     25.48     28.68     30.59     32.51
CZE  1964         .         .         .         .         .         .     24.64     22.49     25.64     28.88     30.71     32.31
CZE  1965         .         .         .         .         .         .     24.69     22.50     25.75     29.03     30.71     32.13
CZE  1966         .         .         .         .         .         .     24.75     22.53     25.86     29.27     30.77     32.12
CZE  1967         .         .         .         .         .         .     24.88     22.63     25.99     29.47     31.01     32.25
CZE  1968         .         .         .         .         .         .     25.05     22.72     26.25     29.79     31.14     32.52
CZE  1969         .         .         .         .         .         .     25.28     22.92     26.54     30.15     31.41     32.57
CZE  1970         .         .         .         .         .         .     25.56     23.14     26.94     30.74     31.84     32.57
CZE  1971         .         .         .         .         .         .     25.95     23.48     27.40     31.03     31.96     32.60
EST  1944     26.71     24.23     27.81     30.58     31.92     34.02     26.51     24.16     27.70     30.22     31.24     33.10
EST  1945     26.63     24.12     27.78     30.49     31.90     34.21     26.40     24.05     27.66     30.13     31.08     32.95
EST  1946     26.43     23.93     27.70     30.38     32.30     34.88     26.21     23.87     27.56     30.04     31.62     33.57
EST  1947     26.40     23.88     27.65     30.63     32.09     34.39     26.19     23.82     27.54     30.20     31.36     33.36
EST  1948     26.33     23.77     27.47     30.78     32.18     34.61     26.12     23.70     27.37     30.41     31.52     33.51
EST  1949     26.27     23.64     27.42     30.49     32.20     34.44     26.10     23.61     27.33     30.16     31.52     33.61
EST  1950     26.23     23.58     27.43     30.65     32.34     34.61     26.07     23.53     27.35     30.35     31.90     33.75
EST  1951     26.13     23.46     27.40     30.57     32.11     34.06     25.99     23.43     27.33     30.30     31.62     33.19
EST  1952     26.16     23.44     27.49     30.56     31.99     33.98     26.04     23.41     27.43     30.34     31.64     33.21
EST  1953     26.04     23.42     27.24     30.43     31.83     33.74     25.91     23.38     27.20     30.17     31.41     32.90
EST  1954     26.08     23.41     27.18     30.39     32.23     33.92     25.94     23.39     27.11     30.14     31.74     32.93
EST  1955     25.98     23.37     27.12     30.24     31.55     33.30     25.83     23.34     27.04     29.92     31.06     32.41
EST  1956     25.84     23.31     26.89     29.85     31.36     33.51     25.70     23.28     26.83     29.57     30.87     32.60
EST  1957     25.74     23.33     26.68     29.66     31.35     33.33     25.57     23.28     26.61     29.35     30.70     32.20
EST  1958     25.58     23.18     26.53     29.42     31.27     33.61     25.41     23.14     26.44     29.17     30.64     32.50
EST  1959     25.41     23.03     26.28     29.33     31.42     33.54     25.23     22.99     26.21     29.00     30.63     32.41
EST  1960     25.32     23.01     26.16     29.21     30.98     33.42     25.12     22.95     26.06     28.83     30.39     32.28
EST  1961     25.30     22.95     26.14     29.22     31.00     33.41     25.09     22.91     26.00     28.87     30.39     32.35
EST  1962     25.30     22.98     26.06     29.43     31.25     33.37     25.05     22.94     25.90     28.89     30.43     32.04
EST  1963         .         .         .         .         .         .     25.09     22.92     25.93     29.02     30.71     32.45
EST  1964         .         .         .         .         .         .     25.16     22.90     26.04     29.09     31.08     33.07
EST  1965         .         .         .         .         .         .     25.22     22.81     26.28     29.43     31.25     32.79
EST  1966         .         .         .         .         .         .     25.32     22.82     26.41     29.96     31.51     33.10
EST  1967         .         .         .         .         .         .     25.45     22.86     26.60     30.28     31.59     33.23
EST  1968         .         .         .         .         .         .     25.65     22.93     27.02     30.37     31.71     32.88
EST  1969         .         .         .         .         .         .     26.02     23.16     27.53     31.03     32.07     33.24
EST  1970         .         .         .         .         .         .     26.23     23.20     27.82     31.43     32.37     33.54
EST  1971         .         .         .         .         .         .     26.38     23.25     28.13     31.77     32.75     33.97
EST  1972         .         .         .         .         .         .     26.73     23.54     28.51     31.93     33.05     33.66
FIN  1967         .         .         .         .         .         .     29.05     27.10     29.47     31.52     32.71     34.00
FIN  1968         .         .         .         .         .         .     29.09     27.14     29.50     31.48     32.44     33.79
FIN  1969         .         .         .         .         .         .     29.12     27.16     29.56     31.52     32.57     34.00
DEUTE  1941         .         .         .         .         .         .     24.65     22.67     25.60     26.90     27.77     29.48
DEUTE  1942         .         .         .         .         .         .     24.48     22.57     25.51     26.70     27.61     29.59
DEUTE  1943         .         .         .         .         .         .     24.30     22.43     25.42     26.54     27.55     29.61
DEUTE  1944         .         .         .         .         .         .     24.14     22.29     25.29     26.45     27.60     29.98
DEUTE  1945         .         .         .         .         .         .     24.08     22.22     25.25     26.46     27.81     30.40
DEUTE  1946         .         .         .         .         .         .     23.98     22.03     25.19     26.63     28.25     30.81
DEUTE  1947         .         .         .         .         .         .     24.03     22.06     25.29     27.02     28.78     31.13
DEUTE  1948         .         .         .         .         .         .     24.11     22.04     25.39     27.59     29.37     31.70
DEUTE  1949         .         .         .         .         .         .     24.25     22.11     25.62     28.19     30.00     32.13
DEUTE  1950         .         .         .         .         .         .     24.36     22.15     25.81     28.68     30.31     32.35
HUN  1937     25.31     22.71     26.32     28.09     29.35     32.14     25.17     22.67     26.25     27.90     29.03     31.54
HUN  1938     25.34     22.73     26.48     28.22     29.43     32.09     25.21     22.69     26.41     28.02     29.09     31.49
HUN  1939     25.33     22.75     26.54     28.47     29.34     31.82     25.21     22.71     26.48     28.27     28.96     31.25
HUN  1940     25.37     22.78     26.66     28.62     29.53     31.82     25.26     22.76     26.60     28.43     29.21     31.23
HUN  1941     25.40     22.86     26.71     28.69     29.37     31.72     25.28     22.82     26.65     28.48     29.08     31.12
HUN  1942     25.42     22.94     26.75     28.82     29.56     31.54     25.31     22.90     26.70     28.61     29.21     31.00
HUN  1943     25.42     22.96     26.76     28.94     29.47     31.39     25.31     22.92     26.70     28.74     29.10     30.78
HUN  1944     25.37     22.93     26.69     28.89     29.49     31.26     25.25     22.89     26.63     28.66     29.05     30.69
HUN  1945     25.36     22.95     26.64     28.86     29.63     31.51     25.23     22.90     26.58     28.60     29.12     30.85
HUN  1946     25.30     22.96     26.58     28.76     29.57     31.30     25.18     22.91     26.52     28.51     29.02     30.65
HUN  1947     25.20     22.84     26.43     28.71     29.78     31.53     25.07     22.80     26.37     28.45     29.24     30.72
HUN  1948     25.10     22.77     26.22     28.53     29.71     31.57     24.97     22.73     26.16     28.26     29.16     30.74
HUN  1949     25.03     22.68     26.08     28.43     29.69     31.59     24.90     22.65     26.02     28.15     29.10     30.76
HUN  1950     24.98     22.69     25.98     28.45     29.77     31.78     24.84     22.65     25.93     28.14     29.18     30.92
HUN  1951     24.96     22.70     25.87     28.52     30.06     32.01     24.82     22.66     25.80     28.22     29.47     31.14
HUN  1952     24.99     22.74     25.83     28.70     30.39     32.24     24.83     22.70     25.76     28.34     29.79     31.30
HUN  1953     25.03     22.81     25.87     28.93     30.69     32.59     24.88     22.77     25.80     28.58     30.07     31.62
HUN  1954     24.97     22.71     25.80     29.02     30.72     32.75     24.82     22.66     25.74     28.69     30.11     31.77
HUN  1955     24.94     22.63     25.77     29.00     30.68     32.61     24.81     22.59     25.71     28.72     30.15     31.68
HUN  1956     24.95     22.56     25.76     29.08     30.71     32.60     24.80     22.52     25.69     28.80     30.15     31.71
HUN  1957     24.95     22.45     25.67     28.97     30.75     33.02     24.80     22.40     25.60     28.71     30.19     32.13
HUN  1958     25.00     22.50     25.79     29.06     30.85     32.63     24.85     22.45     25.71     28.81     30.26     31.83
HUN  1959     25.02     22.48     25.78     29.10     30.78     32.72     24.86     22.43     25.71     28.79     30.20     31.95
HUN  1960         .         .         .         .         .         .     24.90     22.46     25.74     28.73     30.15     31.99
HUN  1961         .         .         .         .         .         .     24.99     22.55     25.82     28.81     30.14     32.07
HUN  1962         .         .         .         .         .         .     25.06     22.63     25.86     28.74     30.11     31.99
HUN  1963         .         .         .         .         .         .     25.12     22.72     25.94     28.75     30.22     32.08
HUN  1964         .         .         .         .         .         .     25.20     22.83     26.00     28.85     30.23     31.96
HUN  1965         .         .         .         .         .         .     25.31     22.99     26.13     28.86     30.31     31.89
HUN  1966         .         .         .         .         .         .     25.43     23.15     26.23     28.96     30.31     31.90
HUN  1967         .         .         .         .         .         .     25.56     23.31     26.40     29.09     30.43     31.84
HUN  1968         .         .         .         .         .         .     25.72     23.52     26.61     29.09     30.29     31.76
HUN  1969         .         .         .         .         .         .     25.93     23.76     26.88     29.29     30.38     31.65
JPN  1953     27.92     26.03     28.57     31.12     33.08     34.97     27.82     25.96     28.49     30.99     32.64     33.88
JPN  1954     28.07     26.18     28.70     31.21     33.22     35.20     27.96     26.12     28.62     31.07     32.77     34.07
JPN  1955     28.22     26.35     28.84     31.30     33.34     35.31     28.10     26.28     28.76     31.16     32.88     34.20
JPN  1956     28.35     26.51     28.97     31.38     33.43     35.36     28.23     26.43     28.88     31.23     32.95     34.25
JPN  1957     28.47     26.67     29.09     31.45     33.50     35.47     28.35     26.58     29.00     31.29     33.03     34.34
JPN  1958     28.55     26.78     29.18     31.50     33.54     35.53     28.42     26.69     29.08     31.34     33.07     34.39
JPN  1959     28.64     26.89     29.27     31.55     33.61     35.55     28.49     26.79     29.15     31.38     33.11     34.42
JPN  1960         .         .         .         .         .         .     28.59     26.92     29.27     31.44     33.16     34.44
JPN  1961         .         .         .         .         .         .     28.70     27.06     29.40     31.49     33.21     34.53
JPN  1962         .         .         .         .         .         .     28.80     27.21     29.52     31.55     33.22     34.50
JPN  1963         .         .         .         .         .         .     28.92     27.37     29.66     31.64     33.23     34.49
JPN  1964         .         .         .         .         .         .     29.05     27.54     29.82     31.73     33.27     34.47
JPN  1965         .         .         .         .         .         .     29.15     27.68     29.94     31.77     33.29     34.47
JPN  1966         .         .         .         .         .         .     29.25     27.81     30.06     31.83     33.28     34.47
JPN  1967         .         .         .         .         .         .     29.36     27.94     30.18     31.93     33.29     34.45
JPN  1968         .         .         .         .         .         .     29.45     28.06     30.30     32.01     33.36     34.48
JPN  1969         .         .         .         .         .         .     29.55     28.17     30.40     32.09     33.42     34.52
LTU  1955     26.30     23.88     27.54     30.28     31.72     33.44     26.15     23.83     27.46     30.00     31.24     32.44
LTU  1956     26.25     23.93     27.39     30.20     31.49     33.30     26.08     23.88     27.31     29.84     30.97     32.19
LTU  1957     26.17     23.92     27.26     30.02     31.60     33.52     26.00     23.87     27.19     29.68     30.82     32.43
LTU  1958     26.09     23.86     27.26     30.07     31.50     33.55     25.91     23.81     27.16     29.68     30.74     32.43
LTU  1959     26.00     23.78     27.18     30.06     31.54     33.96     25.83     23.74     27.08     29.69     30.82     32.76
LTU  1960     25.97     23.72     27.15     30.07     31.74     34.14     25.78     23.67     27.05     29.67     30.96     32.84
LTU  1961     26.05     23.79     27.13     30.15     31.88     34.23     25.85     23.73     27.02     29.77     31.23     33.01
LTU  1962         .         .         .         .         .         .     25.89     23.77     27.02     29.72     31.18     33.14
LTU  1963         .         .         .         .         .         .     25.89     23.76     27.01     29.72     31.26     32.87
LTU  1964         .         .         .         .         .         .     25.85     23.68     26.97     29.66     31.31     33.16
LTU  1965         .         .         .         .         .         .     25.82     23.58     26.98     29.70     31.08     33.27
LTU  1966         .         .         .         .         .         .     25.74     23.52     26.93     29.68     30.94     33.06
LTU  1967         .         .         .         .         .         .     25.69     23.46     26.91     29.80     31.05     32.77
LTU  1968         .         .         .         .         .         .     25.67     23.38     27.01     29.77     30.89     32.96
LTU  1969         .         .         .         .         .         .     25.66     23.27     27.10     29.91     31.10     32.78
LTU  1970         .         .         .         .         .         .     25.75     23.26     27.33     30.28     31.29     33.04
LTU  1971         .         .         .         .         .         .     25.82     23.26     27.51     30.44     31.29     32.76
NLD  1935     28.10     25.52     28.03     29.98     31.21     32.91     27.97     25.47     27.97     29.89     31.05     32.31
NLD  1936     27.86     25.43     27.88     29.77     31.00     32.75     27.75     25.38     27.83     29.69     30.86     32.08
NLD  1937     27.64     25.30     27.77     29.61     30.77     32.71     27.52     25.26     27.73     29.53     30.59     31.88
NLD  1938     27.47     25.22     27.67     29.42     30.60     32.79     27.34     25.18     27.63     29.35     30.40     31.77
NLD  1939     27.26     25.12     27.55     29.26     30.43     32.90     27.14     25.08     27.50     29.18     30.20     31.72
NLD  1940     27.09     24.98     27.43     29.09     30.27     33.58     26.94     24.94     27.38     28.99     30.02     31.94
NLD  1941     26.81     24.80     27.26     28.91     30.17     33.28     26.69     24.76     27.21     28.82     29.91     31.85
NLD  1942     26.71     24.67     27.15     28.88     30.29     33.87     26.57     24.63     27.10     28.78     29.97     32.32
NLD  1943     26.55     24.58     27.06     28.87     30.45     33.98     26.42     24.53     27.02     28.75     30.15     32.49
NLD  1944     26.47     24.51     27.00     28.95     30.73     34.38     26.34     24.46     26.95     28.83     30.39     32.82
NLD  1945     26.49     24.51     27.03     29.10     30.99     34.74     26.34     24.46     26.97     28.95     30.61     33.14
NLD  1946     26.53     24.58     27.13     29.42     31.48     34.99     26.39     24.52     27.07     29.28     31.10     33.55
NLD  1947     26.60     24.62     27.17     29.70     31.73     35.02     26.46     24.56     27.11     29.54     31.35     33.68
NLD  1948     26.78     24.75     27.32     30.01     32.06     35.24     26.62     24.67     27.24     29.84     31.69     34.00
NLD  1949     26.94     24.89     27.47     30.29     32.28     35.12     26.77     24.81     27.38     30.11     31.88     33.91
NLD  1950     27.18     25.08     27.63     30.46     32.35     35.17     27.00     25.00     27.52     30.28     31.97     33.94
NLD  1951     27.30     25.25     27.81     30.57     32.38     35.08     27.12     25.15     27.68     30.36     32.01     34.00
NLD  1952     27.52     25.46     28.01     30.65     32.44     34.94     27.33     25.35     27.88     30.44     32.03     33.94
NLD  1953     27.80     25.78     28.28     30.84     32.56     34.89     27.61     25.67     28.14     30.65     32.13     33.91
NLD  1954     28.01     26.03     28.49     30.90     32.51     34.82     27.81     25.92     28.34     30.68     32.10     33.78
NLD  1955     28.23     26.31     28.72     31.01     32.54     34.68     28.04     26.19     28.57     30.81     32.13     33.68
NLD  1956     28.53     26.65     29.04     31.16     32.69     34.76     28.32     26.53     28.88     30.93     32.21     33.71
NLD  1957     28.76     26.92     29.26     31.36     32.81     34.68     28.54     26.78     29.09     31.12     32.32     33.67
NLD  1958     28.95     27.15     29.48     31.41     32.81     34.43     28.73     27.01     29.30     31.16     32.29     33.48
NLD  1959     29.13     27.40     29.67     31.50     32.83     34.61     28.89     27.25     29.48     31.23     32.27     33.61
NLD  1960         .         .         .         .         .         .     28.99     27.36     29.60     31.28     32.25     33.45
NLD  1961         .         .         .         .         .         .     29.17     27.57     29.80     31.47     32.54     33.58
NLD  1962         .         .         .         .         .         .     29.29     27.69     29.94     31.56     32.57     33.58
NLD  1963         .         .         .         .         .         .     29.47     27.90     30.15     31.78     32.69     33.67
NLD  1964         .         .         .         .         .         .     29.62     28.08     30.33     31.87     32.69     33.73
NLD  1965         .         .         .         .         .         .     29.78     28.24     30.52     32.04     32.77     33.76
NLD  1966         .         .         .         .         .         .     29.94     28.43     30.70     32.16     33.01     34.15
NLD  1967         .         .         .         .         .         .     30.08     28.57     30.88     32.33     32.97     34.15
NLD  1968         .         .         .         .         .         .     30.17     28.67     30.99     32.38     32.96     34.08
NLD  1969         .         .         .         .         .         .     30.24     28.75     31.06     32.48     33.11     34.31
NOR  1952     26.53     23.73     27.08     30.72     33.17     35.49     26.30     23.65     26.94     30.40     32.51     34.14
NOR  1953     26.74     23.91     27.35     30.98     33.41     35.75     26.51     23.82     27.20     30.67     32.77     34.35
NOR  1954     26.93     24.03     27.49     31.16     33.70     35.76     26.66     23.93     27.31     30.82     32.93     34.44
NOR  1955     27.12     24.23     27.75     31.28     33.58     35.86     26.88     24.13     27.59     30.98     32.95     34.50
NOR  1956     27.32     24.45     27.95     31.39     33.78     35.59     27.07     24.33     27.77     31.11     33.13     34.40
NOR  1957     27.67     24.78     28.28     31.63     33.77     35.85     27.41     24.66     28.10     31.32     33.20     34.49
NOR  1958     27.80     24.92     28.41     31.68     33.77     35.83     27.54     24.80     28.23     31.38     33.12     34.59
NOR  1959     27.93     25.11     28.50     31.71     33.85     35.84     27.67     25.01     28.31     31.42     33.21     34.50
NOR  1960         .         .         .         .         .         .     27.84     25.19     28.50     31.42     33.11     34.53
NOR  1961         .         .         .         .         .         .     28.02     25.43     28.73     31.48     32.90     33.94
NOR  1962         .         .         .         .         .         .     28.09     25.53     28.78     31.52     32.97     34.39
NOR  1963         .         .         .         .         .         .     28.14     25.66     28.85     31.39     33.04     34.19
NOR  1964         .         .         .         .         .         .     28.27     25.82     28.98     31.46     32.89     34.17
NOR  1965         .         .         .         .         .         .     28.32     25.91     29.07     31.55     33.05     34.38
NOR  1966         .         .         .         .         .         .     28.38     26.03     29.17     31.50     32.81     34.07
NOR  1967         .         .         .         .         .         .     28.47     26.12     29.28     31.65     32.93     34.02
NOR  1968         .         .         .         .         .         .     28.56     26.26     29.35     31.68     32.91     34.17
NOR  1969         .         .         .         .         .         .     28.66     26.35     29.44     31.78     33.28     34.47
PRT  1944     27.20     24.61     27.43     28.83     29.99     32.59     26.94     24.51     27.32     28.60     29.56     31.75
PRT  1945     27.09     24.57     27.44     28.88     29.99     32.58     26.84     24.48     27.32     28.60     29.60     31.74
PRT  1946     26.99     24.52     27.44     28.91     30.10     32.53     26.75     24.44     27.32     28.66     29.67     31.73
PRT  1947     26.80     24.44     27.37     28.88     30.02     32.40     26.59     24.36     27.28     28.63     29.60     31.63
PRT  1948     26.81     24.41     27.46     29.06     30.29     32.56     26.60     24.32     27.36     28.78     29.83     31.78
PRT  1949     26.74     24.35     27.50     29.10     30.24     32.53     26.53     24.28     27.38     28.81     29.81     31.69
PRT  1950     26.74     24.43     27.56     29.18     30.26     32.37     26.51     24.33     27.42     28.85     29.79     31.60
PRT  1951     26.65     24.30     27.54     29.23     30.36     32.42     26.44     24.21     27.41     28.90     29.87     31.69
PRT  1952     26.57     24.22     27.47     29.24     30.41     32.43     26.35     24.13     27.34     28.91     29.87     31.61
PRT  1953     26.42     24.07     27.35     29.25     30.35     32.32     26.20     23.98     27.22     28.88     29.82     31.55
PRT  1954     26.27     23.94     27.24     29.25     30.38     32.34     26.05     23.84     27.11     28.87     29.80     31.54
PRT  1955     26.14     23.82     27.25     29.19     30.36     32.24     25.91     23.72     27.10     28.79     29.76     31.42
PRT  1956     26.10     23.77     27.22     29.24     30.35     32.32     25.86     23.66     27.07     28.82     29.72     31.45
PRT  1957     26.06     23.74     27.29     29.27     30.33     32.19     25.81     23.62     27.12     28.84     29.73     31.36
PRT  1958     26.16     23.83     27.47     29.50     30.49     32.22     25.91     23.70     27.29     29.03     29.85     31.39
PRT  1959     26.31     24.00     27.71     29.72     30.53     32.09     26.04     23.86     27.50     29.17     29.87     31.27
PRT  1960     26.51     24.25     28.02     29.86     30.82     32.32     26.22     24.10     27.76     29.34     30.10     31.35
PRT  1961     26.76     24.46     28.32     30.32     31.15     32.42     26.45     24.30     28.06     29.71     30.41     31.53
PRT  1962     26.90     24.65     28.55     30.39     31.16     32.42     26.59     24.48     28.30     29.78     30.38     31.42
PRT  1963         .         .         .         .         .         .     26.81     24.71     28.60     30.08     30.65     31.68
PRT  1964         .         .         .         .         .         .     26.91     24.81     28.76     30.37     30.63     31.65
PRT  1965         .         .         .         .         .         .     27.13     25.06     29.06     30.55     30.88     31.47
PRT  1966         .         .         .         .         .         .     27.24     25.20     29.24     30.66     31.11     31.81
PRT  1967         .         .         .         .         .         .     27.44     25.39     29.49     30.88     31.21     31.90
PRT  1968         .         .         .         .         .         .     27.63     25.62     29.71     31.12     31.36     31.66
PRT  1969         .         .         .         .         .         .     27.80     25.84     29.89     31.23     31.58     31.88
PRT  1970         .         .         .         .         .         .     28.07     26.22     30.14     31.30     31.51     31.94
PRT  1971         .         .         .         .         .         .     28.21     26.41     30.30     31.41     31.80     32.28
PRT  1972         .         .         .         .         .         .     28.35     26.59     30.40     31.54     31.52     31.69
RUS  1944     26.14     23.46     27.78     30.06     31.41     34.23     25.93     23.40     27.66     29.67     30.82     33.15
RUS  1945     26.07     23.43     27.80     30.21     31.47     34.14     25.86     23.37     27.67     29.78     30.84     33.07
RUS  1946     26.14     23.48     27.90     30.46     31.65     34.18     25.93     23.42     27.77     30.03     31.03     33.13
RUS  1947     26.28     23.59     28.04     30.69     31.87     34.26     26.07     23.52     27.92     30.29     31.27     33.27
RUS  1948     26.21     23.50     27.97     30.75     31.84     34.17     26.03     23.44     27.87     30.42     31.32     33.30
RUS  1949     26.23     23.46     27.98     30.85     32.05     34.12     26.07     23.40     27.89     30.58     31.59     33.33
RUS  1950     26.19     23.39     27.90     30.86     31.92     34.00     26.05     23.34     27.82     30.62     31.52     33.31
RUS  1951     26.16     23.35     27.82     30.81     31.87     33.88     26.04     23.30     27.76     30.61     31.53     33.26
RUS  1952     26.11     23.32     27.76     30.71     31.71     33.73     26.01     23.27     27.70     30.53     31.40     33.16
RUS  1953     26.02     23.26     27.64     30.53     31.62     33.56     25.92     23.21     27.59     30.36     31.33     33.01
RUS  1954     25.91     23.20     27.53     30.30     31.54     33.36     25.82     23.15     27.48     30.13     31.23     32.80
RUS  1955     25.80     23.17     27.37     30.04     31.26     33.12     25.70     23.13     27.31     29.86     30.92     32.52
RUS  1956     25.66     23.13     27.19     29.77     31.04     32.93     25.56     23.08     27.14     29.58     30.67     32.28
RUS  1957     25.52     23.09     27.03     29.52     30.83     32.79     25.42     23.04     26.97     29.31     30.43     32.09
RUS  1958     25.37     23.03     26.86     29.27     30.63     32.72     25.26     22.98     26.80     29.05     30.21     31.95
RUS  1959     25.20     22.97     26.65     29.06     30.52     32.62     25.09     22.93     26.58     28.81     30.05     31.82
RUS  1960     25.05     22.93     26.43     28.89     30.51     32.62     24.93     22.88     26.36     28.61     29.96     31.77
RUS  1961         .         .         .         .         .         .     24.82     22.85     26.20     28.53     29.96     31.82
RUS  1962         .         .         .         .         .         .     24.74     22.83     26.10     28.53     30.02     31.90
RUS  1963         .         .         .         .         .         .     24.68     22.79     26.05     28.61     30.14     32.10
RUS  1964         .         .         .         .         .         .     24.63     22.73     26.05     28.76     30.34     32.32
RUS  1965         .         .         .         .         .         .     24.60     22.67     26.13     28.96     30.53     32.53
RUS  1966         .         .         .         .         .         .     24.63     22.63     26.31     29.28     30.78     32.68
RUS  1967         .         .         .         .         .         .     24.71     22.61     26.57     29.58     31.07     32.79
RUS  1968         .         .         .         .         .         .     24.81     22.60     26.90     29.92     31.41     33.12
RUS  1969         .         .         .         .         .         .     24.94     22.62     27.24     30.32     31.72     33.29
RUS  1970         .         .         .         .         .         .     25.12     22.69     27.63     30.72     32.01     33.45
SVK  1935     25.96     22.51     25.48     27.85     29.63     32.26     25.79     22.47     25.43     27.74     29.37     31.67
SVK  1936     25.93     22.51     25.53     27.88     29.63     32.14     25.77     22.47     25.48     27.77     29.37     31.58
SVK  1937     25.83     22.46     25.51     27.87     29.61     32.04     25.68     22.42     25.45     27.76     29.38     31.50
SVK  1938     25.73     22.40     25.45     27.85     29.54     31.87     25.59     22.37     25.40     27.75     29.32     31.37
SVK  1939     25.62     22.32     25.42     27.87     29.50     31.75     25.49     22.29     25.37     27.78     29.30     31.26
SVK  1940     25.59     22.35     25.50     28.02     29.59     31.73     25.47     22.32     25.46     27.92     29.39     31.26
SVK  1941     25.56     22.41     25.54     28.09     29.58     31.60     25.45     22.38     25.51     28.00     29.39     31.11
SVK  1942     25.55     22.46     25.59     28.16     29.65     31.55     25.45     22.42     25.56     28.07     29.47     31.04
SVK  1943     25.52     22.46     25.59     28.18     29.59     31.45     25.42     22.42     25.56     28.08     29.40     30.99
SVK  1944     25.47     22.49     25.58     28.11     29.62     31.30     25.37     22.45     25.55     28.03     29.41     30.84
SVK  1945     25.51     22.61     25.65     28.16     29.65     31.35     25.41     22.57     25.62     28.08     29.45     30.86
SVK  1946     25.51     22.71     25.71     28.19     29.63     31.28     25.42     22.68     25.68     28.11     29.41     30.80
SVK  1947     25.49     22.75     25.69     28.19     29.65     31.19     25.40     22.72     25.66     28.11     29.41     30.71
SVK  1948     25.48     22.81     25.64     28.19     29.62     31.27     25.37     22.77     25.61     28.08     29.36     30.71
SVK  1949     25.40     22.82     25.56     28.10     29.62     31.25     25.30     22.79     25.53     27.99     29.32     30.62
SVK  1950     25.37     22.85     25.54     28.02     29.64     31.43     25.26     22.82     25.50     27.92     29.32     30.76
SVK  1951     25.37     22.92     25.53     27.99     29.64     31.54     25.25     22.89     25.49     27.88     29.35     30.83
SVK  1952     25.33     22.92     25.51     27.98     29.65     31.44     25.22     22.89     25.47     27.87     29.35     30.76
SVK  1953     25.28     22.91     25.46     27.98     29.64     31.41     25.17     22.87     25.42     27.85     29.32     30.79
SVK  1954     25.23     22.89     25.42     27.94     29.65     31.56     25.13     22.86     25.39     27.82     29.34     30.94
SVK  1955     25.17     22.83     25.38     27.93     29.71     31.78     25.07     22.80     25.35     27.83     29.37     31.07
SVK  1956     25.09     22.73     25.31     27.89     29.71     31.77     24.98     22.69     25.28     27.76     29.35     31.02
SVK  1957     25.05     22.69     25.25     27.88     29.68     31.92     24.93     22.66     25.22     27.73     29.34     31.13
SVK  1958     25.01     22.69     25.23     27.83     29.56     32.09     24.90     22.64     25.19     27.68     29.30     31.26
SVK  1959     24.99     22.65     25.22     27.82     29.54     32.03     24.87     22.60     25.18     27.65     29.26     31.26
SVK  1960         .         .         .         .         .         .     24.87     22.61     25.18     27.66     29.27     31.55
SVK  1961         .         .         .         .         .         .     24.88     22.62     25.17     27.67     29.51     31.71
SVK  1962         .         .         .         .         .         .     24.85     22.60     25.18     27.74     29.41     31.81
SVK  1963         .         .         .         .         .         .     24.82     22.60     25.21     27.73     29.38     31.61
SVK  1964         .         .         .         .         .         .     24.83     22.61     25.23     27.73     29.51     31.92
SVK  1965         .         .         .         .         .         .     24.81     22.58     25.28     27.75     29.35     31.86
SVK  1966         .         .         .         .         .         .     24.86     22.66     25.34     27.77     29.47     31.92
SVK  1967         .         .         .         .         .         .     24.90     22.67     25.43     27.86     29.30     31.80
SVK  1968         .         .         .         .         .         .     24.94     22.69     25.49     27.93     29.51     31.67
SVK  1969         .         .         .         .         .         .     25.06     22.84     25.68     28.10     29.44     31.65
SVN  1968         .         .         .         .         .         .     26.38     24.31     27.77     30.91     33.02     34.32
SVN  1969         .         .         .         .         .         .     26.80     24.74     28.16     31.44     33.15     34.02
SWE  1955     27.98     25.29     28.56     31.62     33.64     35.77     27.72     25.15     28.37     31.30     33.12     34.60
SWE  1956     28.13     25.51     28.68     31.56     33.45     35.54     27.87     25.37     28.49     31.27     32.88     34.45
SWE  1957     28.33     25.80     28.88     31.58     33.33     35.46     28.07     25.65     28.68     31.29     32.79     34.37
SWE  1958     28.45     26.04     28.99     31.47     33.03     35.32     28.18     25.89     28.79     31.14     32.50     34.08
SWE  1959     28.60     26.30     29.13     31.45     33.07     35.25     28.31     26.13     28.92     31.12     32.48     33.96
SWE  1960     28.64     26.40     29.13     31.37     32.92     35.24     28.32     26.22     28.90     30.98     32.26     33.97
SWE  1961     28.71     26.58     29.24     31.36     32.85     34.73     28.38     26.38     28.99     30.96     32.17     33.60
SWE  1962         .         .         .         .         .         .     28.40     26.43     28.99     30.93     32.01     33.64
SWE  1963         .         .         .         .         .         .     28.41     26.52     29.01     30.88     32.14     33.53
SWE  1964         .         .         .         .         .         .     28.47     26.60     29.07     30.99     32.21     33.88
SWE  1965         .         .         .         .         .         .     28.51     26.64     29.11     31.10     32.27     33.72
SWE  1966         .         .         .         .         .         .     28.63     26.80     29.25     31.28     32.47     33.80
SWE  1967         .         .         .         .         .         .     28.68     26.84     29.29     31.37     32.55     33.99
SWE  1968         .         .         .         .         .         .     28.86     27.03     29.52     31.55     32.72     34.12
SWE  1969         .         .         .         .         .         .     29.03     27.21     29.68     31.78     32.77     34.21
SWE  1970         .         .         .         .         .         .     29.25     27.41     29.91     32.05     33.07     34.29
SWE  1971         .         .         .         .         .         .     29.53     27.75     30.23     32.28     33.23     34.29
TWN  1961         .         .         .         .         .         .     26.45     24.82     26.92     28.56     29.50     30.88
TWN  1962         .         .         .         .         .         .     26.65     25.05     27.14     28.79     29.70     31.02
TWN  1963         .         .         .         .         .         .     26.84     25.29     27.39     28.97     29.89     31.24
TWN  1964         .         .         .         .         .         .     27.02     25.53     27.60     29.14     30.07     31.34
TWN  1965         .         .         .         .         .         .     27.20     25.77     27.82     29.26     30.16     31.34
TWN  1966         .         .         .         .         .         .     27.29     25.93     27.94     29.27     30.18     31.42
TWN  1967         .         .         .         .         .         .     27.38     26.09     28.06     29.29     30.27     31.49
TWN  1968         .         .         .         .         .         .     27.49     26.28     28.20     29.32     30.22     31.45
TWN  1969         .         .         .         .         .         .     27.54     26.42     28.28     29.24     30.13     31.58
TWN  1970         .         .         .         .         .         .     27.58     26.51     28.35     29.20     30.13     31.54
USA  1918     27.88     24.14     27.15     29.44     30.99     33.68     27.43     24.05     27.00     29.11     30.43     32.52
USA  1919     27.81     24.00     27.02     29.29     30.92     33.65     27.37     23.92     26.88     28.99     30.39     32.53
USA  1920     27.80     23.92     26.93     29.23     30.93     33.65     27.37     23.85     26.80     28.95     30.43     32.57
USA  1921     27.68     23.79     26.76     29.14     30.87     33.59     27.28     23.72     26.63     28.88     30.41     32.55
USA  1922     27.55     23.64     26.55     29.03     30.78     33.49     27.18     23.57     26.44     28.80     30.37     32.53
USA  1923     27.45     23.49     26.38     28.92     30.69     33.37     27.11     23.42     26.29     28.70     30.31     32.50
USA  1924     27.35     23.35     26.22     28.76     30.56     33.21     27.04     23.29     26.13     28.57     30.22     32.42
USA  1925     27.21     23.20     26.04     28.54     30.33     33.00     26.92     23.14     25.96     28.37     30.03     32.28
USA  1926     27.02     23.01     25.86     28.34     30.08     32.73     26.76     22.95     25.78     28.18     29.82     32.10
USA  1927     26.82     22.82     25.66     28.07     29.81     32.45     26.59     22.77     25.58     27.94     29.58     31.89
USA  1928     26.63     22.70     25.43     27.79     29.54     32.17     26.42     22.66     25.36     27.67     29.33     31.65
USA  1929     26.44     22.60     25.19     27.51     29.24     31.84     26.26     22.56     25.13     27.40     29.06     31.37
USA  1930     26.27     22.52     25.00     27.27     28.99     31.53     26.10     22.49     24.94     27.18     28.84     31.11
USA  1931     26.03     22.40     24.80     27.04     28.72     31.21     25.88     22.36     24.74     26.96     28.58     30.82
USA  1932     25.80     22.26     24.61     26.80     28.43     30.90     25.66     22.23     24.56     26.73     28.31     30.54
USA  1933     25.59     22.16     24.47     26.60     28.20     30.62     25.47     22.12     24.42     26.53     28.09     30.27
USA  1934     25.41     22.07     24.36     26.44     28.00     30.35     25.29     22.04     24.31     26.38     27.89     30.01
USA  1935     25.23     22.01     24.28     26.30     27.81     30.12     25.12     21.97     24.23     26.23     27.69     29.78
USA  1936     25.06     21.96     24.21     26.16     27.62     29.92     24.95     21.93     24.17     26.09     27.51     29.57
USA  1937     24.90     21.94     24.15     26.06     27.48     29.74     24.78     21.90     24.11     25.99     27.36     29.38
USA  1938     24.75     21.91     24.12     25.98     27.37     29.63     24.64     21.87     24.08     25.90     27.24     29.25
USA  1939     24.66     21.91     24.14     25.94     27.32     29.57     24.54     21.87     24.09     25.86     27.17     29.16
USA  1940     24.63     21.97     24.22     25.99     27.38     29.60     24.51     21.93     24.17     25.90     27.21     29.15
USA  1941     24.65     22.08     24.37     26.14     27.49     29.71     24.52     22.04     24.31     26.03     27.32     29.22
USA  1942     24.71     22.23     24.57     26.35     27.66     29.86     24.58     22.18     24.50     26.23     27.47     29.35
USA  1943     24.78     22.34     24.75     26.54     27.84     30.02     24.64     22.29     24.67     26.41     27.63     29.47
USA  1944     24.87     22.45     24.94     26.75     28.03     30.28     24.72     22.38     24.85     26.61     27.79     29.67
USA  1945     25.02     22.61     25.19     27.03     28.29     30.57     24.86     22.54     25.09     26.86     28.02     29.91
USA  1946     25.20     22.82     25.49     27.36     28.67     30.93     25.02     22.73     25.38     27.17     28.36     30.22
USA  1947     25.36     22.99     25.74     27.67     29.00     31.29     25.17     22.89     25.62     27.46     28.66     30.54
USA  1948     25.52     23.12     25.95     27.93     29.27     31.61     25.31     23.01     25.81     27.69     28.90     30.79
USA  1949     25.71     23.28     26.16     28.19     29.56     31.91     25.48     23.17     26.01     27.94     29.16     31.04
USA  1950     25.92     23.47     26.40     28.45     29.86     32.23     25.68     23.34     26.23     28.19     29.44     31.32
USA  1951     26.10     23.65     26.63     28.67     30.11     32.47     25.85     23.51     26.44     28.39     29.67     31.53
USA  1952     26.27     23.82     26.81     28.84     30.30     32.63     26.00     23.67     26.61     28.55     29.84     31.69
USA  1953     26.41     23.97     26.96     28.98     30.44     32.74     26.14     23.81     26.75     28.68     29.97     31.80
USA  1954     26.52     24.07     27.07     29.06     30.50     32.81     26.23     23.91     26.85     28.75     30.03     31.86
USA  1955     26.60     24.16     27.17     29.13     30.56     32.85     26.31     23.99     26.94     28.81     30.09     31.89
USA  1956     26.68     24.25     27.26     29.20     30.62     32.88     26.38     24.07     27.02     28.87     30.13     31.90
USA  1957     26.78     24.35     27.34     29.27     30.68     32.91     26.47     24.17     27.10     28.93     30.18     31.92
USA  1958     26.88     24.46     27.44     29.34     30.73     32.94     26.56     24.27     27.19     28.99     30.22     31.94
USA  1959     26.93     24.52     27.49     29.36     30.75     32.91     26.60     24.33     27.23     29.00     30.21     31.88
USA  1960     26.99     24.61     27.55     29.39     30.75     32.86     26.66     24.41     27.28     29.01     30.19     31.82
USA  1961         .         .         .         .         .         .     26.76     24.53     27.39     29.09     30.22     31.82
USA  1962         .         .         .         .         .         .     26.84     24.63     27.48     29.12     30.21     31.77
USA  1963         .         .         .         .         .         .     26.90     24.72     27.56     29.13     30.18     31.67
USA  1964         .         .         .         .         .         .     26.96     24.79     27.62     29.15     30.16     31.62
USA  1965         .         .         .         .         .         .     26.99     24.83     27.64     29.14     30.09     31.54
USA  1966         .         .         .         .         .         .     27.04     24.89     27.70     29.13     30.07     31.49
USA  1967         .         .         .         .         .         .     27.09     24.96     27.75     29.15     30.07     31.49
USA  1968         .         .         .         .         .         .     27.13     25.02     27.79     29.17     30.08     31.50
USA  1969         .         .         .         .         .         .     27.18     25.06     27.85     29.21     30.13     31.54
USA  1970         .         .         .         .         .         .     27.18     25.04     27.85     29.21     30.14     31.60
UKR  1944     26.19     23.52     27.65     30.26     32.13     34.76     26.00     23.47     27.55     29.93     31.52     33.61
UKR  1945     26.04     23.48     27.55     30.15     31.75     34.42     25.86     23.43     27.44     29.82     31.20     33.27
UKR  1946     26.01     23.47     27.63     30.20     31.80     34.41     25.84     23.42     27.52     29.87     31.23     33.26
UKR  1947     25.90     23.41     27.61     30.17     31.91     34.51     25.74     23.36     27.52     29.86     31.33     33.45
UKR  1948     25.82     23.32     27.58     30.20     31.69     34.36     25.68     23.27     27.50     29.93     31.21     33.44
UKR  1949     25.88     23.28     27.64     30.38     31.74     34.35     25.74     23.23     27.56     30.13     31.30     33.48
UKR  1950     25.78     23.20     27.53     30.24     31.66     34.20     25.66     23.16     27.46     30.02     31.25     33.39
UKR  1951     25.76     23.15     27.52     30.19     31.58     34.07     25.65     23.10     27.46     29.98     31.20     33.30
UKR  1952     25.67     23.07     27.47     30.11     31.53     33.90     25.57     23.03     27.41     29.91     31.15     33.14
UKR  1953     25.59     23.00     27.43     29.97     31.62     33.80     25.49     22.96     27.38     29.78     31.23     33.06
UKR  1954     25.53     22.96     27.32     29.79     31.45     33.62     25.44     22.92     27.27     29.62     31.07     32.93
UKR  1955     25.43     22.89     27.21     29.60     31.17     33.36     25.34     22.85     27.17     29.43     30.79     32.67
UKR  1956     25.30     22.83     27.01     29.42     30.96     33.22     25.21     22.80     26.96     29.24     30.57     32.50
UKR  1957     25.14     22.74     26.83     29.24     30.74     33.15     25.05     22.71     26.79     29.05     30.37     32.40
UKR  1958     25.00     22.66     26.70     29.05     30.59     33.13     24.91     22.63     26.66     28.84     30.21     32.34
UKR  1959     24.86     22.62     26.49     28.87     30.42     33.02     24.76     22.59     26.45     28.65     30.02     32.24
UKR  1960         .         .         .         .         .         .     24.62     22.54     26.23     28.48     29.93     32.15
UKR  1961         .         .         .         .         .         .     24.51     22.51     26.07     28.35     29.89     32.10
UKR  1962         .         .         .         .         .         .     24.41     22.48     25.95     28.28     29.91     32.14
UKR  1963         .         .         .         .         .         .     24.29     22.41     25.82     28.25     29.88     32.19
UKR  1964         .         .         .         .         .         .     24.22     22.36     25.76     28.28     29.91     32.21
UKR  1965         .         .         .         .         .         .     24.15     22.30     25.74     28.33     29.97     32.28
UKR  1966         .         .         .         .         .         .     24.11     22.24     25.80     28.46     30.11     32.39
UKR  1967         .         .         .         .         .         .     24.15     22.23     25.96     28.70     30.27     32.51
UKR  1968         .         .         .         .         .         .     24.19     22.20     26.16     28.96     30.47     32.69
UKR  1969         .         .         .         .         .         .     24.28     22.21     26.43     29.30     30.80     32.92
