Standard deviation in period mean ages at birth and standard deviation in period mean ages at birth by age 40
Last modified: 25/09/2014
Code Year      sdMAB    sdMAB40
AUT  1951       6.28       5.63
AUT  1952       6.22       5.60
AUT  1953       6.18       5.56
AUT  1954       6.17       5.56
AUT  1955       6.11       5.54
AUT  1956       6.11       5.54
AUT  1957       6.08       5.50
AUT  1958       6.03       5.48
AUT  1959       6.02       5.47
AUT  1960       6.00       5.47
AUT  1961       6.02       5.50
AUT  1962       6.03       5.50
AUT  1963       6.03       5.53
AUT  1964       6.09       5.56
AUT  1965       6.10       5.58
AUT  1966       6.11       5.59
AUT  1967       6.08       5.59
AUT  1968       6.09       5.60
AUT  1969       6.10       5.63
AUT  1970       6.13       5.64
AUT  1971       6.18       5.67
AUT  1972       6.18       5.66
AUT  1973       6.18       5.67
AUT  1974       6.10       5.57
AUT  1975       5.93       5.43
AUT  1976       5.77       5.31
AUT  1977       5.69       5.21
AUT  1978       5.54       5.11
AUT  1979       5.49       5.09
AUT  1980       5.42       5.06
AUT  1981       5.39       5.06
AUT  1982       5.34       5.02
AUT  1983       5.31       5.00
AUT  1984       5.27       4.98
AUT  1985       5.24       4.96
AUT  1986       5.23       4.95
AUT  1987       5.24       4.96
AUT  1988       5.19       4.93
AUT  1989       5.21       4.95
AUT  1990       5.24       4.97
AUT  1991       5.24       5.01
AUT  1992       5.27       5.03
AUT  1993       5.27       5.02
AUT  1994       5.24       4.98
AUT  1995       5.24       4.98
AUT  1996       5.21       4.95
AUT  1997       5.26       4.99
AUT  1998       5.25       4.98
AUT  1999       5.30       5.00
AUT  2000       5.28       5.00
AUT  2001       5.36       5.06
AUT  2002       5.38       5.08
AUT  2003       5.39       5.08
AUT  2004       5.42       5.12
AUT  2005       5.42       5.11
AUT  2006       5.44       5.11
AUT  2007       5.45       5.13
AUT  2008       5.50       5.15
AUT  2009       5.49       5.14
AUT  2010       5.48       5.13
BLR  1964       5.88       5.22
BLR  1965       5.90       5.22
BLR  1966       5.90       5.26
BLR  1967       5.82       5.25
BLR  1968       5.85       5.21
BLR  1969       5.75       5.19
BLR  1970       5.68       5.20
BLR  1971       5.67       5.21
BLR  1972       5.63       5.18
BLR  1973       5.62       5.17
BLR  1974       5.57       5.15
BLR  1975       5.52       5.10
BLR  1976       5.47       5.06
BLR  1977       5.43       5.02
BLR  1978       5.32       4.94
BLR  1979       5.25       4.89
BLR  1980       5.17       4.83
BLR  1981       5.14       4.81
BLR  1982       5.12       4.82
BLR  1983       5.04       4.78
BLR  1984       5.05       4.78
BLR  1985       5.02       4.76
BLR  1986       5.10       4.82
BLR  1987       5.12       4.83
BLR  1988       5.09       4.81
BLR  1989       5.03       4.77
BLR  1990       4.98       4.74
BLR  1991       4.95       4.71
BLR  1992       4.92       4.67
BLR  1993       4.95       4.71
BLR  1994       4.97       4.73
BLR  1995       4.98       4.74
BLR  1996       4.97       4.73
BLR  1997       5.02       4.79
BLR  1998       5.01       4.80
BLR  1999       4.99       4.78
BLR  2000       5.02       4.82
BLR  2001       5.08       4.87
BLR  2002       5.08       4.87
BLR  2003       5.11       4.89
BLR  2004       5.14       4.92
BLR  2005       5.17       4.95
BLR  2006       5.16       4.95
BLR  2007       5.19       4.98
BLR  2008       5.24       5.01
BLR  2009       5.29       5.05
BLR  2010       5.27       5.04
BLR  2011       5.29       5.04
BLR  2012       5.31       5.07
BGR  1947       6.02       5.37
BGR  1948       6.05       5.40
BGR  1949       6.05       5.39
BGR  1950       6.13       5.40
BGR  1951       6.08       5.41
BGR  1952       5.96       5.33
BGR  1953       5.98       5.33
BGR  1954       5.96       5.36
BGR  1955       5.86       5.26
BGR  1956       5.79       5.19
BGR  1957       5.64       5.10
BGR  1958       5.59       5.05
BGR  1959       5.53       5.03
BGR  1960       5.46       4.99
BGR  1961       5.41       4.98
BGR  1962       5.42       4.98
BGR  1963       5.34       4.94
BGR  1964       5.31       4.92
BGR  1965       5.30       4.94
BGR  1966       5.21       4.87
BGR  1967       5.15       4.82
BGR  1968       5.07       4.77
BGR  1969       5.08       4.80
BGR  1970       5.04       4.79
BGR  1971       5.02       4.76
BGR  1972       4.97       4.72
BGR  1973       4.91       4.67
BGR  1974       4.86       4.65
BGR  1975       4.88       4.66
BGR  1976       4.85       4.64
BGR  1977       4.81       4.61
BGR  1978       4.74       4.55
BGR  1979       4.73       4.53
BGR  1980       4.70       4.51
BGR  1981       4.73       4.54
BGR  1982       4.73       4.55
BGR  1983       4.73       4.56
BGR  1984       4.75       4.58
BGR  1985       4.79       4.62
BGR  1986       4.79       4.62
BGR  1987       4.77       4.60
BGR  1988       4.74       4.58
BGR  1989       4.81       4.65
BGR  1990       4.86       4.69
BGR  1991       4.87       4.69
BGR  1992       4.95       4.75
BGR  1993       5.03       4.83
BGR  1994       5.07       4.89
BGR  1995       5.10       4.91
BGR  1996       5.14       4.94
BGR  1997       5.21       4.99
BGR  1998       5.18       4.99
BGR  1999       5.21       5.04
BGR  2000       5.32       5.12
BGR  2001       5.38       5.20
BGR  2002       5.36       5.19
BGR  2003       5.45       5.28
BGR  2004       5.54       5.36
BGR  2005       5.60       5.43
BGR  2006       5.68       5.52
BGR  2007       5.81       5.61
BGR  2008       5.89       5.69
BGR  2009       6.02       5.81
CAN  1921       6.62       5.72
CAN  1922       6.61       5.73
CAN  1923       6.58       5.71
CAN  1924       6.57       5.70
CAN  1925       6.61       5.73
CAN  1926       6.60       5.69
CAN  1927       6.63       5.71
CAN  1928       6.63       5.72
CAN  1929       6.61       5.70
CAN  1930       6.59       5.68
CAN  1931       6.55       5.66
CAN  1932       6.57       5.67
CAN  1933       6.56       5.69
CAN  1934       6.55       5.68
CAN  1935       6.55       5.68
CAN  1936       6.53       5.68
CAN  1937       6.52       5.67
CAN  1938       6.52       5.68
CAN  1939       6.51       5.68
CAN  1940       6.47       5.64
CAN  1941       6.43       5.62
CAN  1942       6.40       5.60
CAN  1943       6.34       5.58
CAN  1944       6.38       5.61
CAN  1945       6.41       5.64
CAN  1946       6.32       5.58
CAN  1947       6.29       5.57
CAN  1948       6.33       5.61
CAN  1949       6.30       5.59
CAN  1950       6.28       5.60
CAN  1951       6.28       5.59
CAN  1952       6.24       5.58
CAN  1953       6.23       5.58
CAN  1954       6.25       5.58
CAN  1955       6.24       5.58
CAN  1956       6.22       5.57
CAN  1957       6.23       5.59
CAN  1958       6.18       5.57
CAN  1959       6.17       5.56
CAN  1960       6.17       5.55
CAN  1961       6.16       5.53
CAN  1962       6.11       5.50
CAN  1963       6.10       5.50
CAN  1964       6.11       5.49
CAN  1965       6.14       5.53
CAN  1966       6.14       5.54
CAN  1967       6.08       5.51
CAN  1968       5.99       5.44
CAN  1969       5.90       5.39
CAN  1970       5.83       5.35
CAN  1971       5.70       5.26
CAN  1972       5.62       5.22
CAN  1973       5.50       5.14
CAN  1974       5.38       5.05
CAN  1975       5.31       5.01
CAN  1976       5.26       4.98
CAN  1977       5.18       4.95
CAN  1978       5.13       4.90
CAN  1979       5.08       4.86
CAN  1980       5.06       4.86
CAN  1981       5.06       4.86
CAN  1982       5.09       4.89
CAN  1983       5.06       4.88
CAN  1984       5.06       4.89
CAN  1985       5.08       4.91
CAN  1986       5.13       4.95
CAN  1987       5.17       4.99
CAN  1988       5.21       5.01
CAN  1989       5.24       5.05
CAN  1990       5.26       5.08
CAN  1991       5.32       5.13
CAN  1992       5.34       5.14
CAN  1993       5.39       5.18
CAN  1994       5.41       5.20
CAN  1995       5.45       5.23
CAN  1996       5.47       5.24
CAN  1997       5.47       5.22
CAN  1998       5.49       5.24
CAN  1999       5.48       5.22
CAN  2000       5.48       5.21
CAN  2001       5.43       5.16
CAN  2002       5.43       5.15
CAN  2003       5.41       5.13
CAN  2004       5.40       5.11
CAN  2005       5.40       5.11
CAN  2006       5.42       5.13
CAN  2007       5.46       5.16
CAN  2008       5.50       5.19
CAN  2009       5.52       5.18
CHL  1992       6.45       5.96
CHL  1993       6.50       5.99
CHL  1994       6.51       6.03
CHL  1995       6.58       6.09
CHL  1996       6.60       6.12
CHL  1997       6.63       6.15
CHL  1998       6.64       6.16
CHL  1999       6.64       6.18
CHL  2000       6.68       6.21
CHL  2001       6.71       6.24
CHL  2002       6.71       6.23
CHL  2003       6.68       6.20
CHL  2004       6.68       6.20
CHL  2005       6.71       6.23
CZE  1950       6.02       5.44
CZE  1951       5.98       5.41
CZE  1952       5.92       5.38
CZE  1953       5.89       5.34
CZE  1954       5.82       5.29
CZE  1955       5.77       5.24
CZE  1956       5.72       5.23
CZE  1957       5.65       5.20
CZE  1958       5.42       5.04
CZE  1959       5.19       4.87
CZE  1960       5.11       4.82
CZE  1961       5.07       4.78
CZE  1962       4.98       4.71
CZE  1963       5.00       4.75
CZE  1964       5.07       4.80
CZE  1965       5.10       4.83
CZE  1966       5.04       4.79
CZE  1967       4.97       4.73
CZE  1968       4.92       4.69
CZE  1969       4.92       4.69
CZE  1970       4.85       4.63
CZE  1971       4.85       4.64
CZE  1972       4.80       4.61
CZE  1973       4.77       4.59
CZE  1974       4.77       4.61
CZE  1975       4.78       4.62
CZE  1976       4.80       4.64
CZE  1977       4.79       4.63
CZE  1978       4.77       4.61
CZE  1979       4.74       4.58
CZE  1980       4.68       4.52
CZE  1981       4.70       4.52
CZE  1982       4.65       4.49
CZE  1983       4.63       4.48
CZE  1984       4.59       4.44
CZE  1985       4.58       4.45
CZE  1986       4.59       4.46
CZE  1987       4.60       4.46
CZE  1988       4.59       4.47
CZE  1989       4.61       4.48
CZE  1990       4.62       4.49
CZE  1991       4.67       4.52
CZE  1992       4.69       4.53
CZE  1993       4.76       4.61
CZE  1994       4.83       4.66
CZE  1995       4.86       4.68
CZE  1996       4.88       4.70
CZE  1997       4.87       4.70
CZE  1998       4.87       4.69
CZE  1999       4.89       4.70
CZE  2000       4.88       4.68
CZE  2001       4.91       4.68
CZE  2002       4.96       4.74
CZE  2003       4.97       4.74
CZE  2004       4.99       4.76
CZE  2005       4.98       4.75
CZE  2006       5.02       4.78
CZE  2007       5.03       4.79
CZE  2008       5.08       4.82
CZE  2009       5.13       4.87
CZE  2010       5.14       4.87
CZE  2011       5.18       4.90
EST  1959       5.85       5.29
EST  1960       5.84       5.27
EST  1961       5.74       5.23
EST  1962       5.73       5.19
EST  1963       5.67       5.16
EST  1964       5.62       5.15
EST  1965       5.61       5.12
EST  1966       5.62       5.12
EST  1967       5.52       5.07
EST  1968       5.46       5.06
EST  1969       5.42       5.04
EST  1970       5.43       5.07
EST  1971       5.42       5.08
EST  1972       5.45       5.12
EST  1973       5.44       5.08
EST  1974       5.43       5.07
EST  1975       5.38       5.02
EST  1976       5.36       5.03
EST  1977       5.35       5.03
EST  1978       5.36       5.03
EST  1979       5.33       5.02
EST  1980       5.26       4.94
EST  1981       5.24       4.95
EST  1982       5.26       4.96
EST  1983       5.21       4.91
EST  1984       5.21       4.95
EST  1985       5.23       4.96
EST  1986       5.28       5.00
EST  1987       5.25       4.99
EST  1988       5.30       5.01
EST  1989       5.32       5.09
EST  1990       5.42       5.14
EST  1991       5.40       5.13
EST  1992       5.41       5.12
EST  1993       5.33       5.06
EST  1994       5.30       5.05
EST  1995       5.33       5.07
EST  1996       5.42       5.14
EST  1997       5.49       5.17
EST  1998       5.52       5.22
EST  1999       5.55       5.24
EST  2000       5.62       5.29
EST  2001       5.62       5.33
EST  2002       5.64       5.34
EST  2003       5.64       5.35
EST  2004       5.65       5.36
EST  2005       5.68       5.38
EST  2006       5.70       5.38
EST  2007       5.77       5.43
EST  2008       5.78       5.42
EST  2009       5.74       5.37
EST  2010       5.63       5.26
EST  2011       5.68       5.30
EST  2012       5.77       5.33
FIN  1939       6.58       5.55
FIN  1940       6.68       5.58
FIN  1941       6.37       5.36
FIN  1942       6.56       5.47
FIN  1943       6.38       5.39
FIN  1944       6.40       5.40
FIN  1945       6.26       5.33
FIN  1946       6.37       5.47
FIN  1947       6.38       5.50
FIN  1948       6.40       5.51
FIN  1949       6.44       5.55
FIN  1950       6.44       5.56
FIN  1951       6.41       5.53
FIN  1952       6.42       5.54
FIN  1953       6.42       5.56
FIN  1954       6.40       5.56
FIN  1955       6.41       5.55
FIN  1956       6.34       5.52
FIN  1957       6.34       5.50
FIN  1958       6.31       5.49
FIN  1959       6.27       5.46
FIN  1960       6.21       5.43
FIN  1961       6.21       5.42
FIN  1962       6.16       5.40
FIN  1963       6.14       5.40
FIN  1964       6.15       5.39
FIN  1965       6.15       5.43
FIN  1966       6.06       5.40
FIN  1967       6.06       5.39
FIN  1968       6.02       5.37
FIN  1969       5.98       5.39
FIN  1970       5.82       5.30
FIN  1971       5.62       5.17
FIN  1972       5.54       5.11
FIN  1973       5.54       5.11
FIN  1974       5.47       5.07
FIN  1975       5.45       5.07
FIN  1976       5.40       5.05
FIN  1977       5.41       5.05
FIN  1978       5.38       5.06
FIN  1979       5.40       5.04
FIN  1980       5.39       5.04
FIN  1981       5.32       4.98
FIN  1982       5.30       4.93
FIN  1983       5.29       4.94
FIN  1984       5.29       4.95
FIN  1985       5.27       4.93
FIN  1986       5.22       4.88
FIN  1987       5.21       4.85
FIN  1988       5.17       4.82
FIN  1989       5.13       4.79
FIN  1990       5.19       4.84
FIN  1991       5.16       4.84
FIN  1992       5.17       4.83
FIN  1993       5.13       4.80
FIN  1994       5.12       4.80
FIN  1995       5.16       4.82
FIN  1996       5.21       4.87
FIN  1997       5.23       4.87
FIN  1998       5.28       4.91
FIN  1999       5.32       4.95
FIN  2000       5.34       4.97
FIN  2001       5.38       5.00
FIN  2002       5.40       5.01
FIN  2003       5.36       4.96
FIN  2004       5.38       4.99
FIN  2005       5.36       4.98
FIN  2006       5.33       4.96
FIN  2007       5.35       4.96
FIN  2008       5.35       4.97
FIN  2009       5.35       4.96
FRATNP  1946       5.91       5.36
FRATNP  1947       6.02       5.43
FRATNP  1948       6.02       5.43
FRATNP  1949       5.99       5.41
FRATNP  1950       5.98       5.41
FRATNP  1951       5.98       5.40
FRATNP  1952       5.96       5.39
FRATNP  1953       5.92       5.36
FRATNP  1954       5.92       5.36
FRATNP  1955       5.88       5.33
FRATNP  1956       5.84       5.30
FRATNP  1957       5.79       5.25
FRATNP  1958       5.80       5.25
FRATNP  1959       5.79       5.24
FRATNP  1960       5.76       5.23
FRATNP  1961       5.75       5.22
FRATNP  1962       5.72       5.20
FRATNP  1963       5.70       5.21
FRATNP  1964       5.72       5.22
FRATNP  1965       5.71       5.23
FRATNP  1966       5.70       5.22
FRATNP  1967       5.69       5.22
FRATNP  1968       5.70       5.23
FRATNP  1969       5.71       5.24
FRATNP  1970       5.69       5.23
FRATNP  1971       5.69       5.24
FRATNP  1972       5.69       5.24
FRATNP  1973       5.67       5.23
FRATNP  1974       5.62       5.18
FRATNP  1975       5.50       5.10
FRATNP  1976       5.33       4.97
FRATNP  1977       5.21       4.89
FRATNP  1978       5.13       4.83
FRATNP  1979       5.06       4.78
FRATNP  1980       5.03       4.76
FRATNP  1981       5.03       4.77
FRATNP  1982       5.03       4.75
FRATNP  1983       5.01       4.73
FRATNP  1984       5.00       4.72
FRATNP  1985       4.98       4.70
FRATNP  1986       4.98       4.70
FRATNP  1987       4.99       4.72
FRATNP  1988       5.00       4.73
FRATNP  1989       5.04       4.75
FRATNP  1990       5.05       4.76
FRATNP  1991       5.06       4.77
FRATNP  1992       5.07       4.77
FRATNP  1993       5.06       4.75
FRATNP  1994       5.04       4.72
FRATNP  1995       5.01       4.70
FRATNP  1996       5.02       4.71
FRATNP  1997       5.04       4.73
FRATNP  1998       5.06       4.74
FRATNP  1999       5.09       4.77
FRATNP  2000       5.13       4.80
FRATNP  2001       5.19       4.85
FRATNP  2002       5.19       4.85
FRATNP  2003       5.19       4.83
FRATNP  2004       5.20       4.85
FRATNP  2005       5.21       4.84
FRATNP  2006       5.21       4.85
FRATNP  2007       5.23       4.86
FRATNP  2008       5.25       4.87
FRATNP  2009       5.25       4.87
FRATNP  2010       5.26       4.86
FRATNP  2011       5.28       4.87
FRATNP  2012       5.29       4.88
DEUTNP  1956       5.84       5.34
DEUTNP  1957       5.81       5.32
DEUTNP  1958       5.76       5.29
DEUTNP  1959       5.76       5.30
DEUTNP  1960       5.77       5.31
DEUTNP  1961       5.77       5.33
DEUTNP  1962       5.76       5.32
DEUTNP  1963       5.77       5.33
DEUTNP  1964       5.79       5.35
DEUTNP  1965       5.79       5.36
DEUTNP  1966       5.76       5.35
DEUTNP  1967       5.76       5.36
DEUTNP  1968       5.79       5.39
DEUTNP  1969       5.84       5.45
DEUTNP  1970       5.90       5.49
DEUTNP  1971       5.88       5.47
DEUTNP  1972       5.84       5.43
DEUTNP  1973       5.75       5.33
DEUTNP  1974       5.61       5.20
DEUTNP  1975       5.46       5.08
DEUTNP  1976       5.33       4.99
DEUTNP  1977       5.21       4.90
DEUTNP  1978       5.13       4.86
DEUTNP  1979       5.10       4.85
DEUTNP  1980       5.09       4.86
DEUTNP  1981       5.08       4.86
DEUTNP  1982       5.06       4.84
DEUTNP  1983       5.03       4.82
DEUTNP  1984       5.02       4.81
DEUTNP  1985       5.02       4.81
DEUTNP  1986       5.00       4.80
DEUTNP  1987       5.03       4.82
DEUTNP  1988       5.05       4.84
DEUTNP  1989       5.06       4.83
DEUTNP  1990       5.15       4.93
DEUTNP  1991       5.25       5.02
DEUTNP  1992       5.28       5.04
DEUTNP  1993       5.24       5.01
DEUTNP  1994       5.25       5.01
DEUTNP  1995       5.24       5.00
DEUTNP  1996       5.23       5.00
DEUTNP  1997       5.25       5.00
DEUTNP  1998       5.28       5.04
DEUTNP  1999       5.31       5.06
DEUTNP  2000       5.34       5.09
DEUTNP  2001       5.39       5.14
DEUTNP  2002       5.41       5.15
DEUTNP  2003       5.41       5.14
DEUTNP  2004       5.40       5.13
DEUTNP  2005       5.43       5.14
DEUTNP  2006       5.45       5.14
DEUTNP  2007       5.44       5.13
DEUTNP  2008       5.45       5.13
DEUTNP  2009       5.45       5.11
DEUTNP  2010       5.44       5.10
DEUTW  1956       5.82       5.31
DEUTW  1957       5.79       5.29
DEUTW  1958       5.73       5.25
DEUTW  1959       5.74       5.27
DEUTW  1960       5.74       5.27
DEUTW  1961       5.75       5.29
DEUTW  1962       5.74       5.28
DEUTW  1963       5.75       5.30
DEUTW  1964       5.77       5.32
DEUTW  1965       5.78       5.34
DEUTW  1966       5.78       5.35
DEUTW  1967       5.79       5.37
DEUTW  1968       5.84       5.42
DEUTW  1969       5.92       5.49
DEUTW  1970       5.99       5.55
DEUTW  1971       5.97       5.53
DEUTW  1972       5.93       5.48
DEUTW  1973       5.85       5.40
DEUTW  1974       5.69       5.26
DEUTW  1975       5.53       5.13
DEUTW  1976       5.41       5.04
DEUTW  1977       5.30       4.97
DEUTW  1978       5.19       4.90
DEUTW  1979       5.14       4.87
DEUTW  1980       5.11       4.86
DEUTW  1981       5.09       4.84
DEUTW  1982       5.04       4.81
DEUTW  1983       5.00       4.76
DEUTW  1984       4.95       4.72
DEUTW  1985       4.94       4.71
DEUTW  1986       4.91       4.69
DEUTW  1987       4.96       4.73
DEUTW  1988       4.98       4.76
DEUTW  1989       5.06       4.83
DEUTW  1990       5.08       4.85
DEUTW  1991       5.16       4.93
DEUTW  1992       5.23       4.99
DEUTW  1993       5.21       4.98
DEUTW  1994       5.24       5.00
DEUTW  1995       5.24       5.01
DEUTW  1996       5.26       5.02
DEUTW  1997       5.28       5.03
DEUTW  1998       5.32       5.07
DEUTW  1999       5.34       5.08
DEUTW  2000       5.37       5.12
DEUTW  2001       5.42       5.16
DEUTW  2002       5.44       5.16
DEUTW  2003       5.43       5.15
DEUTW  2004       5.41       5.13
DEUTW  2005       5.43       5.13
DEUTW  2006       5.44       5.12
DEUTW  2007       5.42       5.10
DEUTW  2008       5.43       5.09
DEUTW  2009       5.41       5.07
DEUTW  2010       5.39       5.05
DEUTE  1956       5.77       5.33
DEUTE  1957       5.73       5.29
DEUTE  1958       5.71       5.29
DEUTE  1959       5.69       5.27
DEUTE  1960       5.70       5.29
DEUTE  1961       5.69       5.29
DEUTE  1962       5.68       5.28
DEUTE  1963       5.69       5.30
DEUTE  1964       5.72       5.33
DEUTE  1965       5.69       5.32
DEUTE  1966       5.57       5.26
DEUTE  1967       5.49       5.21
DEUTE  1968       5.44       5.19
DEUTE  1969       5.39       5.16
DEUTE  1970       5.38       5.14
DEUTE  1971       5.40       5.16
DEUTE  1972       5.31       5.04
DEUTE  1973       5.06       4.80
DEUTE  1974       4.97       4.72
DEUTE  1975       4.83       4.59
DEUTE  1976       4.71       4.49
DEUTE  1977       4.63       4.43
DEUTE  1978       4.57       4.40
DEUTE  1979       4.55       4.38
DEUTE  1980       4.51       4.35
DEUTE  1981       4.50       4.35
DEUTE  1982       4.51       4.38
DEUTE  1983       4.49       4.36
DEUTE  1984       4.51       4.38
DEUTE  1985       4.51       4.39
DEUTE  1986       4.52       4.40
DEUTE  1987       4.55       4.43
DEUTE  1988       4.54       4.41
DEUTE  1989       4.53       4.41
DEUTE  1990       4.53       4.38
DEUTE  1991       4.71       4.51
DEUTE  1992       4.80       4.60
DEUTE  1993       4.76       4.55
DEUTE  1994       4.80       4.57
DEUTE  1995       4.74       4.53
DEUTE  1996       4.72       4.53
DEUTE  1997       4.72       4.54
DEUTE  1998       4.78       4.59
DEUTE  1999       4.85       4.65
DEUTE  2000       4.91       4.71
DEUTE  2001       4.98       4.79
DEUTE  2002       5.02       4.83
DEUTE  2003       5.06       4.86
DEUTE  2004       5.08       4.88
DEUTE  2005       5.15       4.95
DEUTE  2006       5.24       5.01
DEUTE  2007       5.27       5.05
DEUTE  2008       5.35       5.12
DEUTE  2009       5.42       5.16
DEUTE  2010       5.48       5.21
HUN  1950       6.24       5.58
HUN  1951       6.21       5.55
HUN  1952       6.13       5.51
HUN  1953       6.13       5.52
HUN  1954       6.06       5.50
HUN  1955       6.06       5.49
HUN  1956       5.98       5.45
HUN  1957       5.90       5.39
HUN  1958       5.80       5.33
HUN  1959       5.73       5.28
HUN  1960       5.65       5.22
HUN  1961       5.61       5.18
HUN  1962       5.55       5.12
HUN  1963       5.47       5.10
HUN  1964       5.40       5.03
HUN  1965       5.34       5.00
HUN  1966       5.32       4.99
HUN  1967       5.29       4.99
HUN  1968       5.26       4.97
HUN  1969       5.30       5.00
HUN  1970       5.28       4.98
HUN  1971       5.28       5.00
HUN  1972       5.26       4.96
HUN  1973       5.26       4.98
HUN  1974       5.21       4.95
HUN  1975       5.20       4.97
HUN  1976       5.21       4.98
HUN  1977       5.23       4.97
HUN  1978       5.17       4.94
HUN  1979       5.12       4.89
HUN  1980       5.10       4.88
HUN  1981       5.05       4.83
HUN  1982       5.04       4.83
HUN  1983       5.00       4.79
HUN  1984       4.98       4.79
HUN  1985       4.99       4.80
HUN  1986       5.01       4.81
HUN  1987       5.03       4.83
HUN  1988       4.99       4.79
HUN  1989       4.99       4.78
HUN  1990       5.01       4.81
HUN  1991       5.04       4.83
HUN  1992       5.07       4.86
HUN  1993       5.12       4.89
HUN  1994       5.21       4.97
HUN  1995       5.20       4.96
HUN  1996       5.27       5.02
HUN  1997       5.32       5.07
HUN  1998       5.32       5.07
HUN  1999       5.34       5.10
HUN  2000       5.39       5.14
HUN  2001       5.46       5.20
HUN  2002       5.50       5.23
HUN  2003       5.53       5.27
HUN  2004       5.57       5.30
HUN  2005       5.59       5.32
HUN  2006       5.58       5.32
HUN  2007       5.64       5.36
HUN  2008       5.71       5.43
HUN  2009       5.76       5.46
ISL  1963       6.53       5.84
ISL  1964       6.64       5.94
ISL  1965       6.76       6.00
ISL  1966       6.71       5.98
ISL  1967       6.64       5.95
ISL  1968       6.70       5.98
ISL  1969       6.60       5.99
ISL  1970       6.51       5.87
ISL  1971       6.31       5.76
ISL  1972       6.29       5.80
ISL  1973       6.24       5.64
ISL  1974       6.08       5.61
ISL  1975       6.15       5.68
ISL  1976       6.09       5.59
ISL  1977       6.13       5.65
ISL  1978       5.94       5.54
ISL  1979       5.83       5.51
ISL  1980       5.89       5.61
ISL  1981       5.87       5.57
ISL  1982       5.83       5.43
ISL  1983       5.77       5.41
ISL  1984       5.68       5.42
ISL  1985       5.66       5.39
ISL  1986       5.56       5.25
ISL  1987       5.65       5.33
ISL  1988       5.57       5.30
ISL  1989       5.62       5.31
ISL  1990       5.60       5.38
ISL  1991       5.71       5.40
ISL  1992       5.64       5.33
ISL  1993       5.62       5.26
ISL  1994       5.63       5.33
ISL  1995       5.62       5.33
ISL  1996       5.61       5.33
ISL  1997       5.68       5.36
ISL  1998       5.71       5.36
ISL  1999       5.68       5.41
ISL  2000       5.61       5.27
ISL  2001       5.66       5.32
ISL  2002       5.64       5.30
ISL  2003       5.47       5.09
ISL  2004       5.45       5.09
ISL  2005       5.54       5.19
ISL  2006       5.52       5.19
ISL  2007       5.51       5.15
ISL  2008       5.59       5.18
ISL  2009       5.54       5.12
ISL  2010       5.51       5.15
JPN  1947       6.03       5.22
JPN  1948       6.14       5.33
JPN  1949       5.91       5.20
JPN  1950       5.77       5.12
JPN  1951       5.63       5.03
JPN  1952       5.49       4.92
JPN  1953       5.36       4.84
JPN  1954       5.25       4.76
JPN  1955       5.12       4.67
JPN  1956       5.01       4.58
JPN  1957       4.85       4.45
JPN  1958       4.71       4.34
JPN  1959       4.59       4.24
JPN  1960       4.42       4.11
JPN  1961       4.29       4.02
JPN  1962       4.19       3.95
JPN  1963       4.14       3.92
JPN  1964       4.10       3.90
JPN  1965       4.06       3.88
JPN  1966       4.22       4.01
JPN  1967       3.99       3.84
JPN  1968       4.03       3.87
JPN  1969       4.03       3.87
JPN  1970       4.03       3.88
JPN  1971       4.02       3.87
JPN  1972       4.03       3.87
JPN  1973       4.03       3.88
JPN  1974       4.00       3.85
JPN  1975       3.94       3.80
JPN  1976       3.88       3.74
JPN  1977       3.84       3.70
JPN  1978       3.81       3.68
JPN  1979       3.80       3.67
JPN  1980       3.81       3.69
JPN  1981       3.84       3.72
JPN  1982       3.86       3.74
JPN  1983       3.89       3.77
JPN  1984       3.92       3.80
JPN  1985       3.94       3.82
JPN  1986       3.96       3.85
JPN  1987       3.98       3.86
JPN  1988       4.02       3.90
JPN  1989       4.09       3.96
JPN  1990       4.14       4.00
JPN  1991       4.18       4.04
JPN  1992       4.23       4.09
JPN  1993       4.27       4.13
JPN  1994       4.32       4.17
JPN  1995       4.38       4.22
JPN  1996       4.42       4.25
JPN  1997       4.49       4.32
JPN  1998       4.56       4.38
JPN  1999       4.64       4.45
JPN  2000       4.73       4.53
JPN  2001       4.81       4.61
JPN  2002       4.88       4.67
JPN  2003       4.91       4.68
JPN  2004       4.94       4.71
JPN  2005       4.96       4.72
JPN  2006       4.98       4.73
JPN  2007       5.01       4.74
JPN  2008       5.04       4.76
JPN  2009       5.06       4.77
LTU  1959       6.16       5.34
LTU  1960       6.15       5.33
LTU  1961       6.17       5.33
LTU  1962       6.14       5.31
LTU  1963       6.09       5.28
LTU  1964       6.08       5.36
LTU  1965       6.06       5.32
LTU  1966       5.97       5.27
LTU  1967       5.96       5.27
LTU  1968       5.90       5.27
LTU  1969       5.85       5.26
LTU  1970       5.84       5.27
LTU  1971       5.86       5.26
LTU  1972       5.84       5.26
LTU  1973       5.81       5.25
LTU  1974       5.74       5.23
LTU  1975       5.70       5.19
LTU  1976       5.71       5.19
LTU  1977       5.67       5.18
LTU  1978       5.69       5.17
LTU  1979       5.64       5.12
LTU  1980       5.54       5.07
LTU  1981       5.50       4.99
LTU  1982       5.50       4.98
LTU  1983       5.38       4.92
LTU  1984       5.38       4.94
LTU  1985       5.30       4.87
LTU  1986       5.37       4.96
LTU  1987       5.42       4.99
LTU  1988       5.32       4.98
LTU  1989       5.24       4.93
LTU  1990       5.27       4.96
LTU  1991       5.28       4.99
LTU  1992       5.34       5.04
LTU  1993       5.36       5.03
LTU  1994       5.27       5.01
LTU  1995       5.32       5.04
LTU  1996       5.38       5.08
LTU  1997       5.37       5.09
LTU  1998       5.44       5.15
LTU  1999       5.42       5.11
LTU  2000       5.46       5.14
LTU  2001       5.47       5.13
LTU  2002       5.44       5.11
LTU  2003       5.47       5.15
LTU  2004       5.45       5.14
LTU  2005       5.44       5.14
LTU  2006       5.45       5.14
LTU  2007       5.45       5.16
LTU  2008       5.44       5.14
LTU  2009       5.33       5.06
LTU  2010       5.17       4.88
LTU  2011       5.21       4.92
NLD  1950       6.01       5.19
NLD  1951       6.04       5.22
NLD  1952       6.04       5.22
NLD  1953       6.01       5.20
NLD  1954       5.99       5.19
NLD  1955       5.96       5.17
NLD  1956       5.93       5.15
NLD  1957       5.91       5.14
NLD  1958       5.87       5.12
NLD  1959       5.87       5.12
NLD  1960       5.85       5.12
NLD  1961       5.83       5.13
NLD  1962       5.81       5.13
NLD  1963       5.80       5.13
NLD  1964       5.77       5.13
NLD  1965       5.74       5.11
NLD  1966       5.70       5.08
NLD  1967       5.66       5.06
NLD  1968       5.57       5.02
NLD  1969       5.53       5.01
NLD  1970       5.51       5.00
NLD  1971       5.43       4.95
NLD  1972       5.26       4.84
NLD  1973       5.14       4.74
NLD  1974       4.98       4.60
NLD  1975       4.82       4.49
NLD  1976       4.71       4.39
NLD  1977       4.64       4.34
NLD  1978       4.55       4.27
NLD  1979       4.52       4.26
NLD  1980       4.53       4.26
NLD  1981       4.54       4.26
NLD  1982       4.56       4.28
NLD  1983       4.54       4.28
NLD  1984       4.53       4.28
NLD  1985       4.52       4.27
NLD  1986       4.53       4.28
NLD  1987       4.53       4.30
NLD  1988       4.57       4.35
NLD  1989       4.64       4.41
NLD  1990       4.67       4.43
NLD  1991       4.71       4.48
NLD  1992       4.73       4.50
NLD  1993       4.73       4.50
NLD  1994       4.74       4.51
NLD  1995       4.71       4.49
NLD  1996       4.71       4.48
NLD  1997       4.74       4.52
NLD  1998       4.74       4.51
NLD  1999       4.79       4.56
NLD  2000       4.85       4.61
NLD  2001       4.90       4.66
NLD  2002       4.89       4.65
NLD  2003       4.88       4.64
NLD  2004       4.87       4.62
NLD  2005       4.86       4.60
NLD  2006       4.84       4.58
NLD  2007       4.85       4.59
NLD  2008       4.82       4.55
NLD  2009       4.84       4.56
NOR  1967       5.87       5.35
NOR  1968       5.82       5.31
NOR  1969       5.82       5.33
NOR  1970       5.73       5.30
NOR  1971       5.69       5.29
NOR  1972       5.61       5.22
NOR  1973       5.52       5.18
NOR  1974       5.44       5.08
NOR  1975       5.34       5.03
NOR  1976       5.34       5.04
NOR  1977       5.25       4.98
NOR  1978       5.21       4.94
NOR  1979       5.16       4.92
NOR  1980       5.14       4.88
NOR  1981       5.11       4.86
NOR  1982       5.08       4.85
NOR  1983       5.05       4.83
NOR  1984       5.05       4.81
NOR  1985       5.01       4.79
NOR  1986       4.98       4.76
NOR  1987       5.00       4.79
NOR  1988       5.04       4.81
NOR  1989       5.02       4.81
NOR  1990       5.04       4.82
NOR  1991       5.08       4.86
NOR  1992       5.09       4.86
NOR  1993       5.12       4.88
NOR  1994       5.12       4.88
NOR  1995       5.13       4.89
NOR  1996       5.14       4.89
NOR  1997       5.18       4.91
NOR  1998       5.17       4.91
NOR  1999       5.16       4.89
NOR  2000       5.18       4.91
NOR  2001       5.18       4.91
NOR  2002       5.16       4.86
NOR  2003       5.11       4.82
NOR  2004       5.10       4.81
NOR  2005       5.10       4.79
NOR  2006       5.13       4.82
NOR  2007       5.20       4.88
NOR  2008       5.20       4.89
NOR  2009       5.22       4.90
PRT  1940       6.68       5.60
PRT  1941       6.63       5.59
PRT  1942       6.63       5.59
PRT  1943       6.65       5.63
PRT  1944       6.66       5.64
PRT  1945       6.65       5.63
PRT  1946       6.65       5.63
PRT  1947       6.63       5.63
PRT  1948       6.65       5.62
PRT  1949       6.64       5.60
PRT  1950       6.64       5.60
PRT  1951       6.65       5.63
PRT  1952       6.71       5.65
PRT  1953       6.68       5.65
PRT  1954       6.68       5.67
PRT  1955       6.60       5.60
PRT  1956       6.57       5.58
PRT  1957       6.62       5.66
PRT  1958       6.61       5.65
PRT  1959       6.56       5.60
PRT  1960       6.52       5.58
PRT  1961       6.48       5.59
PRT  1962       6.48       5.58
PRT  1963       6.45       5.57
PRT  1964       6.44       5.57
PRT  1965       6.42       5.55
PRT  1966       6.42       5.55
PRT  1967       6.44       5.56
PRT  1968       6.42       5.56
PRT  1969       6.39       5.54
PRT  1970       6.35       5.52
PRT  1971       6.35       5.51
PRT  1972       6.36       5.54
PRT  1973       6.43       5.57
PRT  1974       6.42       5.61
PRT  1975       6.39       5.58
PRT  1976       6.40       5.62
PRT  1977       6.35       5.56
PRT  1978       6.27       5.50
PRT  1979       6.18       5.44
PRT  1980       6.13       5.40
PRT  1981       6.04       5.36
PRT  1982       5.97       5.36
PRT  1983       5.94       5.34
PRT  1984       5.87       5.33
PRT  1985       5.87       5.32
PRT  1986       5.79       5.27
PRT  1987       5.74       5.26
PRT  1988       5.64       5.19
PRT  1989       5.59       5.18
PRT  1990       5.49       5.11
PRT  1991       5.48       5.12
PRT  1992       5.43       5.09
PRT  1993       5.45       5.12
PRT  1994       5.47       5.15
PRT  1995       5.49       5.16
PRT  1996       5.48       5.18
PRT  1997       5.53       5.22
PRT  1998       5.54       5.25
PRT  1999       5.60       5.30
PRT  2000       5.66       5.33
PRT  2001       5.68       5.36
PRT  2002       5.72       5.39
PRT  2003       5.72       5.39
PRT  2004       5.80       5.44
PRT  2005       5.78       5.44
PRT  2006       5.78       5.43
PRT  2007       5.80       5.47
PRT  2008       5.79       5.45
PRT  2009       5.81       5.45
PRT  2010       5.78       5.40
PRT  2011       5.74       5.37
PRT  2012       5.74       5.35
RUS  1959       6.04       5.26
RUS  1960       6.02       5.27
RUS  1961       5.99       5.29
RUS  1962       5.97       5.29
RUS  1963       5.96       5.30
RUS  1964       5.96       5.30
RUS  1965       5.94       5.31
RUS  1966       5.90       5.31
RUS  1967       5.86       5.29
RUS  1968       5.83       5.28
RUS  1969       5.77       5.26
RUS  1970       5.75       5.27
RUS  1971       5.70       5.26
RUS  1972       5.69       5.25
RUS  1973       5.68       5.25
RUS  1974       5.65       5.21
RUS  1975       5.60       5.17
RUS  1976       5.53       5.10
RUS  1977       5.48       5.07
RUS  1978       5.42       5.03
RUS  1979       5.38       5.00
RUS  1980       5.31       4.96
RUS  1981       5.29       4.96
RUS  1982       5.29       4.97
RUS  1983       5.27       4.99
RUS  1984       5.28       5.01
RUS  1985       5.29       5.03
RUS  1986       5.37       5.10
RUS  1987       5.42       5.14
RUS  1988       5.41       5.13
RUS  1989       5.37       5.10
RUS  1990       5.34       5.08
RUS  1991       5.32       5.04
RUS  1992       5.28       5.00
RUS  1993       5.18       4.92
RUS  1994       5.13       4.90
RUS  1995       5.15       4.92
RUS  1996       5.20       4.96
RUS  1997       5.24       5.01
RUS  1998       5.27       5.04
RUS  1999       5.27       5.03
RUS  2000       5.27       5.03
RUS  2001       5.30       5.06
RUS  2002       5.32       5.10
RUS  2003       5.36       5.13
RUS  2004       5.43       5.18
RUS  2005       5.48       5.22
RUS  2006       5.51       5.26
RUS  2007       5.59       5.32
RUS  2008       5.66       5.38
RUS  2009       5.69       5.39
RUS  2010       5.72       5.39
SVK  1950       6.44       5.64
SVK  1951       6.41       5.63
SVK  1952       6.36       5.60
SVK  1953       6.33       5.56
SVK  1954       6.24       5.49
SVK  1955       6.25       5.49
SVK  1956       6.15       5.48
SVK  1957       6.16       5.49
SVK  1958       6.06       5.46
SVK  1959       5.94       5.38
SVK  1960       5.90       5.34
SVK  1961       5.81       5.32
SVK  1962       5.76       5.25
SVK  1963       5.74       5.26
SVK  1964       5.74       5.26
SVK  1965       5.71       5.22
SVK  1966       5.63       5.17
SVK  1967       5.62       5.17
SVK  1968       5.56       5.12
SVK  1969       5.50       5.08
SVK  1970       5.42       5.01
SVK  1971       5.38       5.00
SVK  1972       5.33       4.97
SVK  1973       5.27       4.90
SVK  1974       5.25       4.91
SVK  1975       5.19       4.87
SVK  1976       5.17       4.86
SVK  1977       5.12       4.82
SVK  1978       5.08       4.79
SVK  1979       4.97       4.72
SVK  1980       4.94       4.68
SVK  1981       4.94       4.70
SVK  1982       4.90       4.68
SVK  1983       4.90       4.69
SVK  1984       4.86       4.66
SVK  1985       4.84       4.67
SVK  1986       4.83       4.65
SVK  1987       4.83       4.65
SVK  1988       4.80       4.63
SVK  1989       4.81       4.64
SVK  1990       4.82       4.64
SVK  1991       4.89       4.68
SVK  1992       4.98       4.76
SVK  1993       5.00       4.78
SVK  1994       5.06       4.84
SVK  1995       5.06       4.83
SVK  1996       5.09       4.88
SVK  1997       5.13       4.91
SVK  1998       5.16       4.92
SVK  1999       5.20       4.97
SVK  2000       5.25       5.01
SVK  2001       5.29       5.04
SVK  2002       5.34       5.10
SVK  2003       5.36       5.11
SVK  2004       5.41       5.15
SVK  2005       5.44       5.19
SVK  2006       5.50       5.25
SVK  2007       5.59       5.32
SVK  2008       5.64       5.37
SVK  2009       5.65       5.36
SVN  1983       5.19       4.88
SVN  1984       5.13       4.81
SVN  1985       5.12       4.83
SVN  1986       5.05       4.77
SVN  1987       4.98       4.76
SVN  1988       4.94       4.70
SVN  1989       4.94       4.69
SVN  1990       4.91       4.66
SVN  1991       4.92       4.66
SVN  1992       4.87       4.62
SVN  1993       4.89       4.65
SVN  1994       4.83       4.63
SVN  1995       4.86       4.65
SVN  1996       4.83       4.61
SVN  1997       4.81       4.61
SVN  1998       4.86       4.61
SVN  1999       4.81       4.58
SVN  2000       4.78       4.55
SVN  2001       4.76       4.55
SVN  2002       4.78       4.55
SVN  2003       4.80       4.56
SVN  2004       4.80       4.53
SVN  2005       4.84       4.58
SVN  2006       4.76       4.50
SVN  2007       4.76       4.48
SVN  2008       4.78       4.52
SVN  2009       4.81       4.55
SWE  1891       6.51       5.34
SWE  1892       6.52       5.34
SWE  1893       6.50       5.35
SWE  1894       6.53       5.36
SWE  1895       6.52       5.39
SWE  1896       6.56       5.42
SWE  1897       6.58       5.44
SWE  1898       6.57       5.46
SWE  1899       6.60       5.47
SWE  1900       6.59       5.47
SWE  1901       6.59       5.47
SWE  1902       6.59       5.48
SWE  1903       6.57       5.46
SWE  1904       6.56       5.46
SWE  1905       6.58       5.47
SWE  1906       6.60       5.49
SWE  1907       6.61       5.52
SWE  1908       6.63       5.54
SWE  1909       6.64       5.57
SWE  1910       6.65       5.59
SWE  1911       6.65       5.60
SWE  1912       6.68       5.62
SWE  1913       6.68       5.62
SWE  1914       6.71       5.64
SWE  1915       6.72       5.63
SWE  1916       6.66       5.58
SWE  1917       6.69       5.61
SWE  1918       6.67       5.59
SWE  1919       6.60       5.55
SWE  1920       6.70       5.66
SWE  1921       6.71       5.66
SWE  1922       6.71       5.65
SWE  1923       6.68       5.63
SWE  1924       6.68       5.63
SWE  1925       6.68       5.64
SWE  1926       6.70       5.67
SWE  1927       6.72       5.71
SWE  1928       6.73       5.71
SWE  1929       6.71       5.72
SWE  1930       6.70       5.73
SWE  1931       6.66       5.70
SWE  1932       6.63       5.70
SWE  1933       6.64       5.69
SWE  1934       6.61       5.70
SWE  1935       6.56       5.69
SWE  1936       6.50       5.64
SWE  1937       6.46       5.64
SWE  1938       6.44       5.63
SWE  1939       6.42       5.63
SWE  1940       6.40       5.62
SWE  1941       6.31       5.57
SWE  1942       6.21       5.50
SWE  1943       6.21       5.52
SWE  1944       6.23       5.57
SWE  1945       6.27       5.61
SWE  1946       6.30       5.62
SWE  1947       6.33       5.64
SWE  1948       6.34       5.65
SWE  1949       6.32       5.65
SWE  1950       6.29       5.66
SWE  1951       6.27       5.63
SWE  1952       6.21       5.58
SWE  1953       6.17       5.57
SWE  1954       6.13       5.55
SWE  1955       6.05       5.49
SWE  1956       6.00       5.45
SWE  1957       5.97       5.43
SWE  1958       5.91       5.39
SWE  1959       5.87       5.37
SWE  1960       5.86       5.36
SWE  1961       5.81       5.34
SWE  1962       5.78       5.33
SWE  1963       5.74       5.30
SWE  1964       5.72       5.30
SWE  1965       5.74       5.33
SWE  1966       5.72       5.33
SWE  1967       5.69       5.30
SWE  1968       5.59       5.25
SWE  1969       5.53       5.16
SWE  1970       5.46       5.12
SWE  1971       5.38       5.07
SWE  1972       5.30       5.01
SWE  1973       5.23       4.96
SWE  1974       5.20       4.94
SWE  1975       5.12       4.88
SWE  1976       5.12       4.88
SWE  1977       5.07       4.84
SWE  1978       5.06       4.83
SWE  1979       5.07       4.82
SWE  1980       5.05       4.81
SWE  1981       5.06       4.81
SWE  1982       5.05       4.79
SWE  1983       5.01       4.76
SWE  1984       5.00       4.72
SWE  1985       4.99       4.73
SWE  1986       5.00       4.74
SWE  1987       4.99       4.73
SWE  1988       5.01       4.76
SWE  1989       5.07       4.81
SWE  1990       5.10       4.83
SWE  1991       5.10       4.82
SWE  1992       5.10       4.81
SWE  1993       5.09       4.80
SWE  1994       5.09       4.79
SWE  1995       5.11       4.81
SWE  1996       5.13       4.81
SWE  1997       5.12       4.80
SWE  1998       5.12       4.79
SWE  1999       5.14       4.81
SWE  2000       5.14       4.81
SWE  2001       5.14       4.80
SWE  2002       5.12       4.78
SWE  2003       5.09       4.76
SWE  2004       5.11       4.75
SWE  2005       5.10       4.75
SWE  2006       5.11       4.75
SWE  2007       5.16       4.79
SWE  2008       5.17       4.80
SWE  2009       5.19       4.80
SWE  2010       5.18       4.79
SWE  2011       5.20       4.80
CHE  1932       5.88       5.11
CHE  1933       5.87       5.11
CHE  1934       5.85       5.10
CHE  1935       5.82       5.07
CHE  1936       5.83       5.08
CHE  1937       5.80       5.09
CHE  1938       5.77       5.07
CHE  1939       5.73       5.05
CHE  1940       5.78       5.11
CHE  1941       5.76       5.07
CHE  1942       5.71       5.06
CHE  1943       5.72       5.06
CHE  1944       5.73       5.07
CHE  1945       5.74       5.07
CHE  1946       5.74       5.09
CHE  1947       5.80       5.14
CHE  1948       5.77       5.12
CHE  1949       5.76       5.11
CHE  1950       5.76       5.12
CHE  1951       5.76       5.11
CHE  1952       5.73       5.10
CHE  1953       5.72       5.09
CHE  1954       5.73       5.10
CHE  1955       5.73       5.09
CHE  1956       5.69       5.09
CHE  1957       5.74       5.10
CHE  1958       5.67       5.08
CHE  1959       5.68       5.08
CHE  1960       5.66       5.07
CHE  1961       5.63       5.06
CHE  1962       5.61       5.05
CHE  1963       5.57       5.03
CHE  1964       5.58       5.05
CHE  1965       5.58       5.05
CHE  1966       5.57       5.06
CHE  1967       5.59       5.06
CHE  1968       5.58       5.08
CHE  1969       5.58       5.11
CHE  1970       5.57       5.11
CHE  1971       5.50       5.06
CHE  1972       5.45       5.01
CHE  1973       5.37       4.95
CHE  1974       5.25       4.88
CHE  1975       5.14       4.78
CHE  1976       5.01       4.68
CHE  1977       4.90       4.60
CHE  1978       4.86       4.57
CHE  1979       4.78       4.53
CHE  1980       4.80       4.55
CHE  1981       4.76       4.55
CHE  1982       4.73       4.52
CHE  1983       4.68       4.46
CHE  1984       4.67       4.45
CHE  1985       4.61       4.40
CHE  1986       4.59       4.39
CHE  1987       4.59       4.39
CHE  1988       4.61       4.41
CHE  1989       4.65       4.44
CHE  1990       4.67       4.48
CHE  1991       4.77       4.54
CHE  1992       4.77       4.54
CHE  1993       4.78       4.55
CHE  1994       4.79       4.55
CHE  1995       4.80       4.57
CHE  1996       4.83       4.59
CHE  1997       4.87       4.62
CHE  1998       4.93       4.66
CHE  1999       4.99       4.72
CHE  2000       5.00       4.72
CHE  2001       5.05       4.75
CHE  2002       5.09       4.78
CHE  2003       5.10       4.79
CHE  2004       5.11       4.81
CHE  2005       5.13       4.81
CHE  2006       5.13       4.79
CHE  2007       5.14       4.79
CHE  2008       5.14       4.78
CHE  2009       5.15       4.78
CHE  2010       5.12       4.74
CHE  2011       5.12       4.72
TWN  1976       4.87       4.48
TWN  1977       4.81       4.47
TWN  1978       4.68       4.35
TWN  1979       4.54       4.28
TWN  1980       4.57       4.30
TWN  1981       4.49       4.25
TWN  1982       4.48       4.24
TWN  1983       4.44       4.24
TWN  1984       4.38       4.19
TWN  1985       4.35       4.17
TWN  1986       4.41       4.22
TWN  1987       4.34       4.18
TWN  1988       4.31       4.18
TWN  1989       4.46       4.31
TWN  1990       4.43       4.29
TWN  1991       4.54       4.39
TWN  1992       4.58       4.44
TWN  1993       4.64       4.49
TWN  1994       4.67       4.52
TWN  1995       4.70       4.55
TWN  1996       4.75       4.59
TWN  1997       4.72       4.57
TWN  1998       4.89       4.72
TWN  1999       4.76       4.59
TWN  2000       4.81       4.64
TWN  2001       4.95       4.76
TWN  2002       4.93       4.75
TWN  2003       4.96       4.77
TWN  2004       4.98       4.79
TWN  2005       5.02       4.82
TWN  2006       4.96       4.76
TWN  2007       4.88       4.68
TWN  2008       4.88       4.67
TWN  2009       4.82       4.59
TWN  2010       4.99       4.73
GBR_NP  1974       5.40       5.06
GBR_NP  1975       5.35       5.02
GBR_NP  1976       5.27       4.95
GBR_NP  1977       5.23       4.93
GBR_NP  1978       5.21       4.92
GBR_NP  1979       5.20       4.92
GBR_NP  1980       5.20       4.92
GBR_NP  1981       5.21       4.92
GBR_NP  1982       5.23       4.95
GBR_NP  1983       5.23       4.95
GBR_NP  1984       5.26       4.98
GBR_NP  1985       5.30       5.03
GBR_NP  1986       5.34       5.09
GBR_NP  1987       5.38       5.13
GBR_NP  1988       5.43       5.18
GBR_NP  1989       5.48       5.23
GBR_NP  1990       5.50       5.26
GBR_NP  1991       5.56       5.30
GBR_NP  1992       5.58       5.32
GBR_NP  1993       5.63       5.36
GBR_NP  1994       5.65       5.38
GBR_NP  1995       5.71       5.43
GBR_NP  1996       5.79       5.50
GBR_NP  1997       5.85       5.55
GBR_NP  1998       5.89       5.59
GBR_NP  1999       5.94       5.63
GBR_NP  2000       5.98       5.66
GBR_NP  2001       6.00       5.66
GBR_NP  2002       6.01       5.67
GBR_NP  2003       6.00       5.66
GBR_NP  2004       6.00       5.65
GBR_NP  2005       6.01       5.65
GBR_NP  2006       6.01       5.65
GBR_NP  2007       6.01       5.64
GBR_NP  2008       6.00       5.63
GBR_NP  2009       6.01       5.62
GBR_NP  2010       5.97       5.58
GBR_NP  2011       5.95       5.54
GBRTENW  1938       5.99       5.33
GBRTENW  1939       5.98       5.33
GBRTENW  1940       5.98       5.31
GBRTENW  1941       6.06       5.37
GBRTENW  1942       5.97       5.31
GBRTENW  1943       5.98       5.34
GBRTENW  1944       5.96       5.35
GBRTENW  1945       6.09       5.46
GBRTENW  1946       5.83       5.27
GBRTENW  1947       5.82       5.26
GBRTENW  1948       5.92       5.34
GBRTENW  1949       5.88       5.32
GBRTENW  1950       5.85       5.30
GBRTENW  1951       5.80       5.26
GBRTENW  1952       5.78       5.25
GBRTENW  1953       5.74       5.23
GBRTENW  1954       5.74       5.22
GBRTENW  1955       5.70       5.20
GBRTENW  1956       5.68       5.18
GBRTENW  1957       5.66       5.17
GBRTENW  1958       5.64       5.17
GBRTENW  1959       5.64       5.19
GBRTENW  1960       5.66       5.20
GBRTENW  1961       5.68       5.22
GBRTENW  1962       5.67       5.22
GBRTENW  1963       5.66       5.22
GBRTENW  1964       5.68       5.23
GBRTENW  1965       5.69       5.25
GBRTENW  1966       5.67       5.24
GBRTENW  1967       5.69       5.27
GBRTENW  1968       5.68       5.26
GBRTENW  1969       5.66       5.26
GBRTENW  1970       5.61       5.23
GBRTENW  1971       5.57       5.20
GBRTENW  1972       5.54       5.18
GBRTENW  1973       5.45       5.10
GBRTENW  1974       5.37       5.04
GBRTENW  1975       5.32       5.00
GBRTENW  1976       5.24       4.93
GBRTENW  1977       5.20       4.92
GBRTENW  1978       5.19       4.91
GBRTENW  1979       5.18       4.91
GBRTENW  1980       5.19       4.91
GBRTENW  1981       5.20       4.91
GBRTENW  1982       5.22       4.94
GBRTENW  1983       5.22       4.94
GBRTENW  1984       5.25       4.98
GBRTENW  1985       5.29       5.03
GBRTENW  1986       5.34       5.09
GBRTENW  1987       5.38       5.13
GBRTENW  1988       5.43       5.19
GBRTENW  1989       5.48       5.24
GBRTENW  1990       5.51       5.27
GBRTENW  1991       5.57       5.31
GBRTENW  1992       5.59       5.33
GBRTENW  1993       5.64       5.37
GBRTENW  1994       5.66       5.39
GBRTENW  1995       5.73       5.44
GBRTENW  1996       5.80       5.51
GBRTENW  1997       5.86       5.56
GBRTENW  1998       5.91       5.60
GBRTENW  1999       5.95       5.63
GBRTENW  2000       5.99       5.66
GBRTENW  2001       6.01       5.67
GBRTENW  2002       6.02       5.68
GBRTENW  2003       6.01       5.66
GBRTENW  2004       6.01       5.66
GBRTENW  2005       6.02       5.65
GBRTENW  2006       6.03       5.66
GBRTENW  2007       6.02       5.65
GBRTENW  2008       6.02       5.63
GBRTENW  2009       6.02       5.63
GBRTENW  2010       5.98       5.59
GBRTENW  2011       5.96       5.54
GBR_SCO  1945       5.96       5.34
GBR_SCO  1946       5.75       5.21
GBR_SCO  1947       5.80       5.24
GBR_SCO  1948       5.93       5.35
GBR_SCO  1949       5.92       5.36
GBR_SCO  1950       5.92       5.36
GBR_SCO  1951       5.87       5.33
GBR_SCO  1952       5.86       5.34
GBR_SCO  1953       5.83       5.30
GBR_SCO  1954       5.82       5.30
GBR_SCO  1955       5.75       5.24
GBR_SCO  1956       5.74       5.25
GBR_SCO  1957       5.73       5.23
GBR_SCO  1958       5.70       5.22
GBR_SCO  1959       5.68       5.23
GBR_SCO  1960       5.66       5.20
GBR_SCO  1961       5.68       5.22
GBR_SCO  1962       5.69       5.22
GBR_SCO  1963       5.66       5.21
GBR_SCO  1964       5.73       5.27
GBR_SCO  1965       5.72       5.28
GBR_SCO  1966       5.73       5.27
GBR_SCO  1967       5.73       5.28
GBR_SCO  1968       5.67       5.26
GBR_SCO  1969       5.66       5.25
GBR_SCO  1970       5.58       5.19
GBR_SCO  1971       5.54       5.17
GBR_SCO  1972       5.53       5.17
GBR_SCO  1973       5.43       5.12
GBR_SCO  1974       5.40       5.05
GBR_SCO  1975       5.32       5.00
GBR_SCO  1976       5.20       4.93
GBR_SCO  1977       5.18       4.89
GBR_SCO  1978       5.11       4.88
GBR_SCO  1979       5.12       4.88
GBR_SCO  1980       5.10       4.88
GBR_SCO  1981       5.10       4.88
GBR_SCO  1982       5.17       4.94
GBR_SCO  1983       5.14       4.93
GBR_SCO  1984       5.15       4.93
GBR_SCO  1985       5.19       4.99
GBR_SCO  1986       5.22       5.02
GBR_SCO  1987       5.24       5.05
GBR_SCO  1988       5.27       5.10
GBR_SCO  1989       5.34       5.14
GBR_SCO  1990       5.35       5.16
GBR_SCO  1991       5.44       5.23
GBR_SCO  1992       5.48       5.28
GBR_SCO  1993       5.52       5.31
GBR_SCO  1994       5.53       5.31
GBR_SCO  1995       5.63       5.40
GBR_SCO  1996       5.73       5.49
GBR_SCO  1997       5.79       5.56
GBR_SCO  1998       5.84       5.58
GBR_SCO  1999       5.88       5.61
GBR_SCO  2000       5.92       5.66
GBR_SCO  2001       5.95       5.68
GBR_SCO  2002       5.94       5.66
GBR_SCO  2003       5.94       5.66
GBR_SCO  2004       5.95       5.65
GBR_SCO  2005       5.96       5.66
GBR_SCO  2006       5.95       5.65
GBR_SCO  2007       5.99       5.69
GBR_SCO  2008       5.97       5.65
GBR_SCO  2009       5.98       5.64
GBR_SCO  2010       5.94       5.61
GBR_SCO  2011       5.96       5.60
GBR_NIR  1974       5.87       5.32
GBR_NIR  1975       5.88       5.36
GBR_NIR  1976       5.83       5.28
GBR_NIR  1977       5.76       5.26
GBR_NIR  1978       5.70       5.26
GBR_NIR  1979       5.70       5.24
GBR_NIR  1980       5.61       5.21
GBR_NIR  1981       5.60       5.19
GBR_NIR  1982       5.57       5.20
GBR_NIR  1983       5.58       5.17
GBR_NIR  1984       5.60       5.20
GBR_NIR  1985       5.53       5.19
GBR_NIR  1986       5.59       5.23
GBR_NIR  1987       5.57       5.21
GBR_NIR  1988       5.60       5.24
GBR_NIR  1989       5.59       5.22
GBR_NIR  1990       5.59       5.24
GBR_NIR  1991       5.57       5.24
GBR_NIR  1992       5.60       5.25
GBR_NIR  1993       5.58       5.24
GBR_NIR  1994       5.59       5.24
GBR_NIR  1995       5.57       5.26
GBR_NIR  1996       5.59       5.30
GBR_NIR  1997       5.67       5.37
GBR_NIR  1998       5.73       5.44
GBR_NIR  1999       5.81       5.50
GBR_NIR  2000       5.84       5.54
GBR_NIR  2001       5.80       5.47
GBR_NIR  2002       5.82       5.49
GBR_NIR  2003       5.77       5.45
GBR_NIR  2004       5.73       5.45
GBR_NIR  2005       5.74       5.42
GBR_NIR  2006       5.75       5.42
GBR_NIR  2007       5.72       5.41
GBR_NIR  2008       5.73       5.40
GBR_NIR  2009       5.75       5.41
GBR_NIR  2010       5.74       5.42
GBR_NIR  2011       5.79       5.42
USA  1933       6.68       5.94
USA  1934       6.65       5.93
USA  1935       6.62       5.91
USA  1936       6.56       5.87
USA  1937       6.51       5.84
USA  1938       6.45       5.80
USA  1939       6.41       5.79
USA  1940       6.33       5.74
USA  1941       6.25       5.69
USA  1942       6.13       5.61
USA  1943       6.17       5.67
USA  1944       6.25       5.73
USA  1945       6.32       5.79
USA  1946       6.11       5.61
USA  1947       6.10       5.62
USA  1948       6.14       5.66
USA  1949       6.12       5.64
USA  1950       6.09       5.63
USA  1951       6.06       5.60
USA  1952       6.04       5.59
USA  1953       6.04       5.59
USA  1954       6.03       5.58
USA  1955       6.00       5.56
USA  1956       5.98       5.55
USA  1957       5.97       5.54
USA  1958       5.93       5.51
USA  1959       5.92       5.50
USA  1960       5.90       5.47
USA  1961       5.90       5.47
USA  1962       5.89       5.45
USA  1963       5.89       5.46
USA  1964       5.91       5.48
USA  1965       5.96       5.52
USA  1966       5.96       5.52
USA  1967       5.93       5.49
USA  1968       5.87       5.45
USA  1969       5.79       5.40
USA  1970       5.74       5.37
USA  1971       5.72       5.37
USA  1972       5.77       5.43
USA  1973       5.74       5.41
USA  1974       5.66       5.35
USA  1975       5.65       5.34
USA  1976       5.60       5.32
USA  1977       5.56       5.29
USA  1978       5.54       5.29
USA  1979       5.54       5.29
USA  1980       5.54       5.30
USA  1981       5.54       5.31
USA  1982       5.58       5.35
USA  1983       5.61       5.39
USA  1984       5.64       5.42
USA  1985       5.66       5.45
USA  1986       5.70       5.49
USA  1987       5.74       5.52
USA  1988       5.77       5.55
USA  1989       5.83       5.60
USA  1990       5.86       5.63
USA  1991       5.93       5.68
USA  1992       5.96       5.70
USA  1993       6.00       5.74
USA  1994       6.05       5.77
USA  1995       6.07       5.79
USA  1996       6.07       5.78
USA  1997       6.07       5.77
USA  1998       6.06       5.75
USA  1999       6.04       5.74
USA  2000       6.04       5.73
USA  2001       6.04       5.72
USA  2002       6.03       5.71
USA  2003       6.04       5.70
USA  2004       6.05       5.71
USA  2005       6.06       5.71
USA  2006       6.07       5.72
USA  2007       6.08       5.72
USA  2008       6.10       5.73
USA  2009       6.10       5.72
USA  2010       6.08       5.70
UKR  1959       5.74       5.18
UKR  1960       5.74       5.23
UKR  1961       5.71       5.21
UKR  1962       5.71       5.19
UKR  1963       5.71       5.20
UKR  1964       5.67       5.16
UKR  1965       5.67       5.19
UKR  1966       5.63       5.16
UKR  1967       5.60       5.16
UKR  1968       5.59       5.16
UKR  1969       5.55       5.13
UKR  1970       5.53       5.15
UKR  1971       5.53       5.16
UKR  1972       5.51       5.14
UKR  1973       5.55       5.17
UKR  1974       5.49       5.12
UKR  1975       5.48       5.10
UKR  1976       5.42       5.06
UKR  1977       5.39       5.04
UKR  1978       5.36       5.02
UKR  1979       5.31       4.98
UKR  1980       5.26       4.95
UKR  1981       5.27       4.97
UKR  1982       5.24       4.95
UKR  1983       5.19       4.93
UKR  1984       5.18       4.93
UKR  1985       5.18       4.92
UKR  1986       5.25       5.00
UKR  1987       5.24       4.97
UKR  1988       5.21       4.96
UKR  1989       5.20       4.94
UKR  1990       5.15       4.91
UKR  1991       5.13       4.88
UKR  1992       5.11       4.87
UKR  1993       5.13       4.89
UKR  1994       5.14       4.90
UKR  1995       5.10       4.87
UKR  1996       5.08       4.87
UKR  1997       5.10       4.89
UKR  1998       5.13       4.90
UKR  1999       5.13       4.90
UKR  2000       5.11       4.88
UKR  2001       5.13       4.90
UKR  2002       5.14       4.92
UKR  2003       5.17       4.95
UKR  2004       5.23       5.00
UKR  2005       5.30       5.07
UKR  2006       5.32       5.09
UKR  2007       5.39       5.15
UKR  2008       5.46       5.22
UKR  2009       5.53       5.27
