Standard deviation in cohort mean ages at birth by birth order and standard deviation in cohort mean ages at birth by birth order by age 40
Last modified: 25/09/2014
Code Cohort   sdCMAB     sdCMAB1     sdCMAB2     sdCMAB3     sdCMAB4    sdCMAB5p    sdCMAB40  sdCMAB40_1  sdCMAB40_2  sdCMAB40_3  sdCMAB40_4 sdCMAB40_5p
AUT  1969          .           .           .           .           .           .        5.35        5.21        4.79        4.63        4.41        4.25
AUT  1970          .           .           .           .           .           .        5.38        5.26        4.83        4.59        4.27        3.84
BLR  1949       4.87        3.74        4.14        4.60        4.61        4.47        4.67        3.59        4.03        4.35        4.13        3.87
BLR  1950       4.88        3.79        4.14        4.55        4.48        4.36        4.69        3.63        4.04        4.31        4.06        3.78
BLR  1951       4.86        3.80        4.12        4.51        4.41        4.30        4.69        3.67        4.03        4.26        4.02        3.70
BLR  1952       4.84        3.81        4.08        4.45        4.42        4.32        4.67        3.69        4.00        4.21        4.03        3.67
BLR  1953       4.80        3.83        4.04        4.35        4.30        4.24        4.64        3.71        3.96        4.13        3.90        3.59
BLR  1954       4.73        3.81        3.97        4.27        4.30        4.26        4.57        3.70        3.88        4.06        3.85        3.60
BLR  1955       4.65        3.78        3.89        4.21        4.35        4.39        4.50        3.68        3.80        3.98        3.91        3.71
BLR  1956       4.58        3.78        3.82        4.19        4.41        4.39        4.43        3.68        3.74        3.93        3.96        3.74
BLR  1957       4.52        3.76        3.75        4.22        4.50        4.38        4.36        3.66        3.67        3.92        4.01        3.69
BLR  1958       4.47        3.72        3.70        4.29        4.58        4.52        4.30        3.63        3.61        3.97        4.08        3.79
BLR  1959       4.44        3.70        3.70        4.36        4.66        4.50        4.27        3.61        3.60        4.00        4.10        3.86
BLR  1960       4.42        3.66        3.72        4.45        4.78        4.59        4.23        3.57        3.59        4.07        4.18        3.93
BLR  1961       4.41        3.61        3.76        4.62        4.84        4.78        4.21        3.52        3.63        4.21        4.27        4.05
BLR  1962       4.43        3.57        3.85        4.80        4.94        4.74        4.22        3.48        3.71        4.33        4.33        4.03
BLR  1963          .           .           .           .           .           .        4.27        3.47        3.82        4.47        4.35        3.97
BLR  1964          .           .           .           .           .           .        4.34        3.49        3.95        4.56        4.43        4.09
BLR  1965          .           .           .           .           .           .        4.42        3.49        4.07        4.70        4.50        4.19
BLR  1966          .           .           .           .           .           .        4.49        3.48        4.22        4.78        4.61        4.20
BLR  1967          .           .           .           .           .           .        4.58        3.50        4.33        4.88        4.66        4.18
BLR  1968          .           .           .           .           .           .        4.71        3.54        4.46        4.99        4.65        4.22
BLR  1969          .           .           .           .           .           .        4.84        3.60        4.60        5.04        4.74        4.25
BLR  1970          .           .           .           .           .           .        5.01        3.74        4.74        5.11        4.74        4.21
BLR  1971          .           .           .           .           .           .        5.16        3.87        4.84        5.14        4.76        4.15
BLR  1972          .           .           .           .           .           .        5.31        3.99        4.93        5.08        4.70        4.06
BGR  1932       4.91        3.89        4.11        4.53        4.29        4.69        4.69        3.75        3.99        4.28        3.99        4.03
BGR  1933       4.87        3.85        4.07        4.53        4.27        4.56        4.67        3.73        3.96        4.30        3.97        3.91
BGR  1934       4.86        3.82        4.07        4.56        4.31        4.57        4.66        3.70        3.95        4.33        4.00        3.95
BGR  1935       4.85        3.80        4.09        4.57        4.33        4.58        4.66        3.69        3.97        4.34        4.01        3.99
BGR  1936       4.88        3.83        4.14        4.56        4.37        4.51        4.69        3.71        4.02        4.35        4.05        3.92
BGR  1937       4.86        3.81        4.15        4.52        4.35        4.44        4.70        3.71        4.06        4.34        4.08        3.93
BGR  1938       4.86        3.81        4.17        4.50        4.39        4.60        4.70        3.70        4.09        4.29        4.08        4.01
BGR  1939       4.85        3.80        4.19        4.42        4.36        4.71        4.70        3.70        4.11        4.23        4.09        4.16
BGR  1940       4.85        3.81        4.19        4.39        4.42        4.77        4.70        3.70        4.12        4.17        4.12        4.23
BGR  1941       4.81        3.79        4.16        4.33        4.43        4.74        4.66        3.69        4.08        4.09        4.13        4.18
BGR  1942       4.79        3.80        4.16        4.28        4.41        4.75        4.65        3.70        4.08        4.06        4.16        4.22
BGR  1943       4.74        3.79        4.14        4.23        4.44        4.68        4.60        3.69        4.05        4.04        4.12        4.20
BGR  1944       4.72        3.80        4.11        4.35        4.49        4.81        4.56        3.68        4.02        4.09        4.13        4.27
BGR  1945       4.65        3.74        4.04        4.40        4.52        4.78        4.49        3.64        3.95        4.11        4.11        4.20
BGR  1946       4.63        3.78        4.02        4.45        4.51        4.64        4.49        3.67        3.95        4.20        4.18        4.14
BGR  1947       4.61        3.78        4.01        4.52        4.49        4.78        4.46        3.67        3.92        4.28        4.16        4.20
BGR  1948       4.61        3.79        4.00        4.68        4.58        4.73        4.45        3.67        3.91        4.35        4.26        4.17
BGR  1949       4.57        3.77        3.98        4.55        4.63        4.64        4.43        3.67        3.89        4.33        4.26        4.07
BGR  1950       4.55        3.81        3.98        4.60        4.64        4.62        4.41        3.69        3.89        4.38        4.26        4.07
BGR  1951       4.58        3.83        4.03        4.74        4.75        4.69        4.43        3.71        3.95        4.50        4.35        4.13
BGR  1952       4.58        3.83        4.05        4.76        4.66        4.77        4.44        3.72        3.97        4.50        4.38        4.26
BGR  1953       4.57        3.81        4.13        4.69        4.73        4.76        4.43        3.71        4.04        4.45        4.39        4.30
BGR  1954       4.56        3.81        4.10        4.66        4.72        4.86        4.42        3.69        4.02        4.43        4.34        4.33
BGR  1955       4.56        3.84        4.12        4.67        4.75        4.77        4.42        3.72        4.04        4.41        4.38        4.35
BGR  1956       4.51        3.80        4.07        4.74        4.67        4.92        4.37        3.67        3.99        4.50        4.37        4.49
BGR  1957       4.50        3.81        4.05        4.65        4.73        4.89        4.37        3.69        3.97        4.44        4.44        4.45
BGR  1958       4.52        3.89        4.04        4.71        4.73        4.91        4.35        3.73        3.96        4.41        4.36        4.36
BGR  1959       4.54        3.94        4.04        4.68        4.86        5.01        4.37        3.78        3.95        4.42        4.42        4.44
BGR  1960          .           .           .           .           .           .        4.37        3.78        3.92        4.44        4.44        4.50
BGR  1961          .           .           .           .           .           .        4.37        3.89        3.87        4.40        4.59        4.56
BGR  1962          .           .           .           .           .           .        4.40        3.94        3.93        4.44        4.47        4.49
BGR  1963          .           .           .           .           .           .        4.42        3.98        3.98        4.54        4.69        4.53
BGR  1964          .           .           .           .           .           .        4.47        4.00        4.04        4.62        4.67        4.59
BGR  1965          .           .           .           .           .           .        4.54        4.11        4.16        4.75        4.59        4.54
BGR  1966          .           .           .           .           .           .        4.72        4.24        4.40        4.90        4.89        4.73
BGR  1967          .           .           .           .           .           .        4.91        4.42        4.64        5.02        4.86        4.73
BGR  1968          .           .           .           .           .           .        5.02        4.53        4.79        5.24        4.90        4.60
BGR  1969          .           .           .           .           .           .        5.24        4.76        5.06        5.50        5.03        4.67
CAN  1929       5.37        4.43        4.49        4.53        4.49        4.42        5.12        4.31        4.34        4.35        4.25        3.97
CAN  1930       5.30        4.40        4.46        4.49        4.42        4.36        5.07        4.28        4.32        4.32        4.20        3.94
CAN  1931       5.20        4.35        4.41        4.42        4.35        4.32        4.99        4.23        4.28        4.27        4.15        3.94
CAN  1932       5.09        4.30        4.36        4.36        4.29        4.28        4.91        4.19        4.24        4.21        4.11        3.94
CAN  1933       5.00        4.27        4.32        4.30        4.24        4.26        4.83        4.15        4.20        4.17        4.07        3.93
CAN  1934       4.95        4.26        4.32        4.28        4.22        4.26        4.79        4.15        4.20        4.15        4.05        3.94
CAN  1935       4.90        4.26        4.32        4.26        4.20        4.28        4.74        4.15        4.20        4.13        4.03        3.95
CAN  1936       4.85        4.26        4.33        4.24        4.19        4.29        4.70        4.15        4.21        4.12        4.01        3.97
CAN  1937       4.82        4.27        4.34        4.27        4.19        4.33        4.67        4.16        4.23        4.13        4.03        4.01
CAN  1938       4.80        4.29        4.37        4.32        4.23        4.37        4.66        4.19        4.27        4.18        4.07        4.05
CAN  1939       4.83        4.33        4.42        4.39        4.35        4.49        4.68        4.23        4.32        4.25        4.16        4.11
CAN  1940       4.87        4.38        4.50        4.49        4.47        4.59        4.71        4.28        4.39        4.35        4.26        4.17
CAN  1941       4.90        4.40        4.56        4.58        4.55        4.64        4.74        4.30        4.45        4.43        4.33        4.20
CAN  1942       4.94        4.43        4.61        4.66        4.64        4.75        4.78        4.33        4.49        4.49        4.41        4.28
CAN  1943       5.01        4.51        4.67        4.72        4.71        4.87        4.85        4.41        4.54        4.55        4.46        4.36
CAN  1944       5.08        4.59        4.72        4.76        4.79        5.02        4.91        4.48        4.59        4.59        4.51        4.45
CAN  1945       5.13        4.65        4.72        4.78        4.89        5.11        4.95        4.53        4.60        4.59        4.57        4.53
CAN  1946       5.16        4.69        4.72        4.79        4.94        5.17        4.98        4.57        4.58        4.59        4.61        4.57
CAN  1947       5.21        4.75        4.74        4.80        4.96        5.25        5.02        4.63        4.58        4.58        4.63        4.61
CAN  1948       5.26        4.85        4.74        4.80        4.97        5.23        5.06        4.70        4.59        4.56        4.61        4.59
CAN  1949       5.31        4.94        4.77        4.79        4.94        5.19        5.09        4.78        4.60        4.55        4.57        4.52
CAN  1950       5.36        5.03        4.82        4.80        4.92        5.21        5.14        4.87        4.62        4.54        4.53        4.51
CAN  1951       5.41        5.11        4.86        4.79        4.92        5.20        5.18        4.94        4.66        4.53        4.53        4.49
CAN  1952       5.45        5.17        4.91        4.80        4.92        5.12        5.21        5.00        4.70        4.54        4.51        4.40
CAN  1953       5.48        5.21        4.94        4.82        4.91        5.10        5.23        5.03        4.73        4.54        4.48        4.35
CAN  1954       5.50        5.25        4.97        4.83        4.89        5.05        5.25        5.07        4.75        4.55        4.47        4.33
CAN  1955       5.54        5.30        5.00        4.85        4.85        4.97        5.28        5.10        4.77        4.56        4.44        4.25
CAN  1956       5.55        5.33        5.03        4.83        4.83        4.96        5.29        5.13        4.79        4.55        4.41        4.21
CAN  1957       5.57        5.38        5.05        4.82        4.84        4.98        5.31        5.17        4.82        4.53        4.42        4.22
CAN  1958       5.58        5.41        5.07        4.83        4.85        4.95        5.31        5.21        4.82        4.54        4.42        4.19
CAN  1959       5.57        5.43        5.07        4.83        4.82        4.92        5.29        5.22        4.81        4.52        4.37        4.17
CAN  1960          .           .           .           .           .           .        5.28        5.23        4.79        4.50        4.33        4.17
CAN  1961          .           .           .           .           .           .        5.26        5.24        4.79        4.50        4.35        4.20
CAN  1962          .           .           .           .           .           .        5.26        5.25        4.80        4.51        4.37        4.19
CAN  1963          .           .           .           .           .           .        5.25        5.24        4.80        4.53        4.39        4.17
CAN  1964          .           .           .           .           .           .        5.25        5.24        4.80        4.56        4.42        4.22
CAN  1965          .           .           .           .           .           .        5.26        5.27        4.82        4.61        4.47        4.28
CAN  1966          .           .           .           .           .           .        5.31        5.31        4.87        4.68        4.57        4.36
CAN  1967          .           .           .           .           .           .        5.38        5.38        4.94        4.76        4.66        4.38
CAN  1968          .           .           .           .           .           .        5.44        5.44        5.02        4.84        4.71        4.38
CAN  1969          .           .           .           .           .           .        5.50        5.51        5.08        4.90        4.76        4.42
CZE  1935       4.73        3.64        4.06        4.49        4.77        4.81        4.55        3.55        3.97        4.29        4.40        4.27
CZE  1936       4.72        3.62        4.05        4.54        4.75        4.70        4.55        3.53        3.96        4.31        4.40        4.17
CZE  1937       4.74        3.61        4.07        4.60        4.85        4.77        4.58        3.52        3.99        4.40        4.52        4.27
CZE  1938       4.78        3.61        4.11        4.66        4.88        4.84        4.63        3.53        4.03        4.50        4.57        4.35
CZE  1939       4.83        3.60        4.16        4.75        4.92        4.87        4.68        3.53        4.09        4.57        4.60        4.35
CZE  1940       4.85        3.62        4.21        4.80        4.95        4.83        4.71        3.54        4.15        4.62        4.62        4.32
CZE  1941       4.85        3.63        4.23        4.74        4.90        4.91        4.73        3.57        4.18        4.61        4.62        4.37
CZE  1942       4.85        3.65        4.19        4.66        4.77        4.88        4.74        3.59        4.14        4.53        4.47        4.35
CZE  1943       4.84        3.69        4.15        4.59        4.73        4.88        4.73        3.63        4.10        4.44        4.40        4.32
CZE  1944       4.79        3.67        4.06        4.45        4.72        4.81        4.68        3.61        4.01        4.30        4.40        4.30
CZE  1945       4.72        3.66        3.97        4.33        4.71        4.86        4.62        3.60        3.91        4.18        4.40        4.38
CZE  1946       4.64        3.65        3.85        4.24        4.65        4.91        4.53        3.59        3.80        4.07        4.34        4.37
CZE  1947       4.54        3.62        3.71        4.18        4.65        4.86        4.43        3.56        3.66        4.00        4.30        4.33
CZE  1948       4.47        3.55        3.61        4.17        4.69        4.99        4.35        3.50        3.56        3.97        4.33        4.37
CZE  1949       4.44        3.53        3.60        4.21        4.83        5.10        4.32        3.47        3.55        4.01        4.46        4.46
CZE  1950       4.43        3.51        3.61        4.30        4.88        5.15        4.30        3.45        3.55        4.09        4.49        4.50
CZE  1951       4.44        3.50        3.63        4.39        4.93        5.18        4.30        3.43        3.57        4.18        4.53        4.54
CZE  1952       4.42        3.48        3.66        4.44        4.93        5.11        4.29        3.42        3.60        4.25        4.57        4.53
CZE  1953       4.45        3.49        3.72        4.50        5.07        5.06        4.31        3.42        3.64        4.30        4.71        4.53
CZE  1954       4.50        3.51        3.77        4.63        5.05        5.20        4.35        3.44        3.69        4.41        4.70        4.58
CZE  1955       4.52        3.50        3.80        4.63        5.10        5.26        4.38        3.42        3.73        4.43        4.71        4.69
CZE  1956       4.54        3.52        3.82        4.66        5.12        5.24        4.40        3.46        3.75        4.43        4.71        4.64
CZE  1957       4.58        3.54        3.86        4.68        5.08        5.18        4.42        3.47        3.77        4.44        4.66        4.58
CZE  1958       4.64        3.61        3.90        4.70        5.10        5.20        4.46        3.52        3.80        4.43        4.66        4.51
CZE  1959       4.66        3.65        3.93        4.75        5.11        5.15        4.46        3.57        3.80        4.43        4.65        4.45
CZE  1960       4.73        3.72        3.96        4.81        5.13        5.11        4.49        3.59        3.83        4.45        4.58        4.42
CZE  1961       4.76        3.70        4.01        4.89        5.21        5.10        4.51        3.59        3.85        4.48        4.65        4.31
CZE  1962          .           .           .           .           .           .        4.54        3.60        3.87        4.57        4.64        4.39
CZE  1963          .           .           .           .           .           .        4.57        3.61        3.93        4.64        4.62        4.36
CZE  1964          .           .           .           .           .           .        4.65        3.68        4.03        4.74        4.72        4.43
CZE  1965          .           .           .           .           .           .        4.72        3.71        4.14        4.80        4.78        4.36
CZE  1966          .           .           .           .           .           .        4.82        3.80        4.25        4.93        4.85        4.46
CZE  1967          .           .           .           .           .           .        4.98        3.99        4.38        5.00        4.89        4.47
CZE  1968          .           .           .           .           .           .        5.17        4.16        4.59        5.15        4.93        4.42
CZE  1969          .           .           .           .           .           .        5.30        4.34        4.74        5.14        5.02        4.48
CZE  1970          .           .           .           .           .           .        5.47        4.55        4.88        5.14        4.97        4.52
CZE  1971          .           .           .           .           .           .        5.60        4.78        4.98        5.09        4.99        4.53
EST  1944       5.08        4.09        4.25        4.72        5.03        4.61        4.80        3.93        4.09        4.36        4.44        3.98
EST  1945       5.13        4.09        4.32        4.79        5.20        4.82        4.81        3.93        4.14        4.42        4.50        3.97
EST  1946       5.16        4.06        4.42        4.85        4.86        4.63        4.86        3.92        4.21        4.51        4.29        3.78
EST  1947       5.10        3.96        4.32        4.92        4.98        4.49        4.81        3.81        4.16        4.49        4.32        3.76
EST  1948       5.15        3.94        4.35        4.85        4.95        4.67        4.87        3.80        4.20        4.49        4.37        3.94
EST  1949       5.19        3.96        4.40        4.90        4.88        4.40        4.95        3.88        4.27        4.56        4.36        3.76
EST  1950       5.19        3.95        4.42        4.82        4.78        4.29        4.97        3.83        4.30        4.53        4.43        3.70
EST  1951       5.18        3.91        4.39        4.83        4.99        4.62        4.98        3.84        4.28        4.57        4.54        4.01
EST  1952       5.16        3.91        4.38        4.69        4.67        4.54        4.99        3.84        4.29        4.44        4.37        3.95
EST  1953       5.10        3.97        4.24        4.72        4.72        4.62        4.92        3.88        4.18        4.42        4.35        3.95
EST  1954       5.10        3.92        4.21        4.61        4.71        4.61        4.88        3.86        4.09        4.30        4.26        3.80
EST  1955       5.02        3.90        4.22        4.56        4.66        4.69        4.79        3.83        4.08        4.19        4.16        3.92
EST  1956       4.91        3.83        4.05        4.46        4.59        4.62        4.69        3.75        3.94        4.13        4.05        3.78
EST  1957       4.89        3.88        3.99        4.55        4.80        4.96        4.61        3.76        3.85        4.14        4.13        3.97
EST  1958       4.86        3.79        4.04        4.43        4.78        4.88        4.58        3.69        3.87        4.09        4.07        3.99
EST  1959       4.83        3.68        3.96        4.59        5.04        4.90        4.54        3.59        3.83        4.15        4.24        4.06
EST  1960       4.85        3.80        3.99        4.64        4.73        5.02        4.52        3.63        3.80        4.15        4.09        4.10
EST  1961       4.91        3.71        4.16        4.82        4.95        5.11        4.58        3.58        3.89        4.39        4.35        4.28
EST  1962       5.04        3.75        4.26        5.24        5.44        5.26        4.64        3.66        3.97        4.62        4.71        4.32
EST  1963          .           .           .           .           .           .        4.74        3.67        4.08        4.74        4.62        4.25
EST  1964          .           .           .           .           .           .        4.88        3.67        4.32        4.85        4.66        4.01
EST  1965          .           .           .           .           .           .        5.08        3.71        4.64        5.06        4.74        4.21
EST  1966          .           .           .           .           .           .        5.30        3.88        4.80        5.32        4.81        4.29
EST  1967          .           .           .           .           .           .        5.42        4.02        4.92        5.29        4.80        4.21
EST  1968          .           .           .           .           .           .        5.58        4.19        5.13        5.34        4.76        4.19
EST  1969          .           .           .           .           .           .        5.78        4.43        5.27        5.28        4.86        4.17
EST  1970          .           .           .           .           .           .        5.93        4.58        5.32        5.23        4.94        4.37
EST  1971          .           .           .           .           .           .        6.01        4.69        5.34        4.99        4.68        4.17
EST  1972          .           .           .           .           .           .        6.08        4.87        5.35        5.03        4.76        4.28
FIN  1967          .           .           .           .           .           .        5.03        4.92        4.53        4.21        4.06        3.70
FIN  1968          .           .           .           .           .           .        5.07        4.98        4.58        4.34        4.17        3.75
FIN  1969          .           .           .           .           .           .        5.11        5.03        4.61        4.30        4.23        3.83
DEUTE  1941          .           .           .           .           .           .        4.32        3.63        4.04        3.91        3.88        4.15
DEUTE  1942          .           .           .           .           .           .        4.34        3.63        4.08        4.01        4.04        4.37
DEUTE  1943          .           .           .           .           .           .        4.33        3.58        4.08        4.09        4.23        4.47
DEUTE  1944          .           .           .           .           .           .        4.37        3.56        4.11        4.27        4.49        4.65
DEUTE  1945          .           .           .           .           .           .        4.44        3.55        4.17        4.49        4.77        4.72
DEUTE  1946          .           .           .           .           .           .        4.49        3.45        4.18        4.71        4.91        4.83
DEUTE  1947          .           .           .           .           .           .        4.54        3.45        4.20        4.93        5.05        4.80
DEUTE  1948          .           .           .           .           .           .        4.59        3.43        4.16        4.99        4.90        4.52
DEUTE  1949          .           .           .           .           .           .        4.62        3.40        4.13        4.98        4.81        4.43
DEUTE  1950          .           .           .           .           .           .        4.61        3.39        4.04        4.83        4.67        4.31
HUN  1937       5.22        4.02        4.62        4.99        5.01        4.80        5.01        3.92        4.52        4.75        4.65        4.25
HUN  1938       5.23        4.06        4.58        5.04        5.12        4.86        5.03        3.96        4.49        4.79        4.75        4.32
HUN  1939       5.21        4.06        4.59        5.12        5.16        4.81        5.02        3.97        4.49        4.90        4.74        4.26
HUN  1940       5.16        4.02        4.52        5.06        5.08        4.82        4.99        3.96        4.42        4.83        4.73        4.26
HUN  1941       5.13        4.07        4.46        5.04        5.00        4.80        4.95        3.97        4.37        4.81        4.67        4.22
HUN  1942       5.07        4.06        4.39        4.99        5.06        4.77        4.90        3.98        4.31        4.74        4.67        4.23
HUN  1943       5.00        4.02        4.34        4.88        5.06        4.89        4.84        3.93        4.24        4.65        4.64        4.27
HUN  1944       4.93        3.96        4.25        4.82        5.12        4.84        4.75        3.87        4.15        4.52        4.63        4.25
HUN  1945       4.89        3.95        4.19        4.74        5.05        4.94        4.69        3.84        4.08        4.41        4.45        4.29
HUN  1946       4.87        4.00        4.14        4.72        5.17        5.00        4.66        3.89        4.04        4.38        4.56        4.34
HUN  1947       4.84        3.94        4.07        4.69        5.22        5.13        4.63        3.83        3.97        4.35        4.63        4.39
HUN  1948       4.85        3.95        4.04        4.80        5.39        5.26        4.63        3.86        3.92        4.46        4.83        4.54
HUN  1949       4.89        3.94        4.06        4.92        5.56        5.39        4.66        3.86        3.95        4.57        4.98        4.67
HUN  1950       4.87        3.95        4.03        5.03        5.57        5.40        4.65        3.86        3.93        4.66        4.98        4.69
HUN  1951       4.91        3.93        4.10        5.13        5.61        5.47        4.67        3.83        3.98        4.77        5.06        4.78
HUN  1952       4.98        3.98        4.18        5.28        5.67        5.46        4.73        3.89        4.05        4.88        5.17        4.72
HUN  1953       5.02        4.01        4.24        5.32        5.68        5.46        4.78        3.91        4.13        4.94        5.16        4.77
HUN  1954       5.07        4.00        4.31        5.35        5.63        5.40        4.83        3.90        4.20        5.01        5.12        4.73
HUN  1955       5.10        3.99        4.37        5.30        5.62        5.31        4.89        3.90        4.27        5.02        5.17        4.61
HUN  1956       5.16        4.02        4.40        5.32        5.58        5.27        4.94        3.93        4.29        5.01        5.11        4.61
HUN  1957       5.25        4.06        4.43        5.27        5.47        5.20        5.02        3.95        4.32        4.99        4.98        4.54
HUN  1958       5.26        4.13        4.45        5.21        5.50        5.26        5.03        4.02        4.32        4.94        4.99        4.67
HUN  1959       5.30        4.19        4.46        5.20        5.48        5.06        5.05        4.07        4.33        4.86        4.97        4.45
HUN  1960          .           .           .           .           .           .        5.06        4.12        4.31        4.82        4.83        4.43
HUN  1961          .           .           .           .           .           .        5.05        4.16        4.30        4.71        4.78        4.43
HUN  1962          .           .           .           .           .           .        5.07        4.19        4.30        4.76        4.85        4.42
HUN  1963          .           .           .           .           .           .        5.06        4.22        4.31        4.74        4.81        4.31
HUN  1964          .           .           .           .           .           .        5.08        4.29        4.32        4.76        4.82        4.41
HUN  1965          .           .           .           .           .           .        5.10        4.35        4.38        4.81        4.80        4.38
HUN  1966          .           .           .           .           .           .        5.17        4.47        4.48        4.87        4.88        4.39
HUN  1967          .           .           .           .           .           .        5.26        4.62        4.59        4.94        4.92        4.39
HUN  1968          .           .           .           .           .           .        5.34        4.75        4.73        5.03        5.00        4.45
HUN  1969          .           .           .           .           .           .        5.44        4.90        4.90        5.08        4.99        4.49
JPN  1953       4.18        3.73        3.61        3.59        4.01        4.39        4.02        3.60        3.48        3.40        3.57        3.59
JPN  1954       4.19        3.76        3.61        3.57        3.97        4.35        4.02        3.62        3.48        3.38        3.53        3.57
JPN  1955       4.19        3.78        3.62        3.56        3.98        4.35        4.01        3.64        3.48        3.36        3.54        3.60
JPN  1956       4.19        3.81        3.63        3.56        3.99        4.33        4.01        3.65        3.49        3.36        3.54        3.59
JPN  1957       4.21        3.86        3.67        3.57        3.96        4.31        4.03        3.70        3.52        3.37        3.51        3.55
JPN  1958       4.25        3.93        3.72        3.61        3.97        4.30        4.06        3.76        3.56        3.40        3.52        3.57
JPN  1959       4.31        4.02        3.80        3.66        4.00        4.24        4.11        3.84        3.63        3.44        3.53        3.49
JPN  1960          .           .           .           .           .           .        4.17        3.93        3.70        3.48        3.54        3.48
JPN  1961          .           .           .           .           .           .        4.23        4.01        3.78        3.54        3.54        3.43
JPN  1962          .           .           .           .           .           .        4.28        4.11        3.85        3.59        3.56        3.45
JPN  1963          .           .           .           .           .           .        4.33        4.18        3.91        3.64        3.60        3.46
JPN  1964          .           .           .           .           .           .        4.37        4.24        3.96        3.67        3.62        3.46
JPN  1965          .           .           .           .           .           .        4.40        4.29        4.00        3.71        3.64        3.51
JPN  1966          .           .           .           .           .           .        4.43        4.34        4.03        3.73        3.64        3.54
JPN  1967          .           .           .           .           .           .        4.46        4.38        4.06        3.77        3.69        3.52
JPN  1968          .           .           .           .           .           .        4.51        4.44        4.11        3.83        3.75        3.54
JPN  1969          .           .           .           .           .           .        4.57        4.51        4.18        3.90        3.79        3.56
LTU  1955       4.94        3.96        4.22        4.66        4.60        4.76        4.72        3.85        4.10        4.33        4.12        3.88
LTU  1956       4.87        3.92        4.14        4.68        4.76        4.97        4.62        3.81        4.00        4.27        4.23        4.04
LTU  1957       4.82        3.87        4.07        4.69        5.05        5.00        4.56        3.76        3.94        4.30        4.29        4.15
LTU  1958       4.83        3.86        4.07        4.81        5.06        4.97        4.55        3.74        3.91        4.37        4.31        4.05
LTU  1959       4.83        3.85        4.04        4.72        5.07        4.94        4.55        3.75        3.89        4.28        4.41        4.07
LTU  1960       4.88        3.82        4.13        4.85        5.17        5.07        4.59        3.70        3.97        4.41        4.46        4.18
LTU  1961       4.90        3.85        4.11        4.83        5.05        4.93        4.60        3.72        3.92        4.40        4.46        4.10
LTU  1962          .           .           .           .           .           .        4.56        3.67        3.92        4.37        4.41        4.18
LTU  1963          .           .           .           .           .           .        4.62        3.71        4.00        4.51        4.43        4.16
LTU  1964          .           .           .           .           .           .        4.68        3.69        4.12        4.59        4.47        4.02
LTU  1965          .           .           .           .           .           .        4.74        3.69        4.19        4.66        4.51        4.08
LTU  1966          .           .           .           .           .           .        4.76        3.69        4.25        4.73        4.50        4.14
LTU  1967          .           .           .           .           .           .        4.84        3.76        4.35        4.88        4.60        4.01
LTU  1968          .           .           .           .           .           .        4.94        3.78        4.53        4.92        4.62        4.05
LTU  1969          .           .           .           .           .           .        5.07        3.86        4.66        5.00        4.64        3.90
LTU  1970          .           .           .           .           .           .        5.25        4.04        4.81        5.06        4.64        3.95
LTU  1971          .           .           .           .           .           .        5.38        4.22        4.91        5.10        4.73        4.12
NLD  1935       4.60        3.98        3.91        3.89        3.94        4.40        4.41        3.86        3.81        3.77        3.74        3.75
NLD  1936       4.52        3.94        3.86        3.82        3.91        4.51        4.34        3.85        3.77        3.70        3.73        3.76
NLD  1937       4.46        3.87        3.82        3.81        3.95        4.69        4.27        3.77        3.74        3.70        3.72        3.79
NLD  1938       4.42        3.83        3.78        3.77        3.98        4.97        4.21        3.75        3.69        3.65        3.72        3.88
NLD  1939       4.38        3.82        3.75        3.77        4.07        5.21        4.17        3.73        3.65        3.64        3.76        4.02
NLD  1940       4.43        3.81        3.75        3.82        4.23        5.66        4.17        3.72        3.65        3.66        3.89        4.26
NLD  1941       4.37        3.78        3.74        3.86        4.30        5.55        4.15        3.69        3.64        3.70        3.95        4.27
NLD  1942       4.46        3.81        3.74        3.96        4.50        5.63        4.21        3.71        3.64        3.80        4.10        4.39
NLD  1943       4.46        3.81        3.75        4.08        4.62        5.60        4.23        3.70        3.67        3.90        4.28        4.45
NLD  1944       4.51        3.84        3.79        4.20        4.76        5.48        4.29        3.74        3.70        4.03        4.41        4.42
NLD  1945       4.59        3.89        3.84        4.34        4.85        5.37        4.35        3.78        3.74        4.14        4.46        4.28
NLD  1946       4.64        4.01        3.91        4.41        4.85        5.14        4.43        3.88        3.80        4.23        4.49        4.19
NLD  1947       4.71        4.08        3.97        4.43        4.74        4.92        4.50        3.96        3.86        4.23        4.37        4.03
NLD  1948       4.82        4.24        4.06        4.36        4.56        4.63        4.59        4.08        3.92        4.15        4.21        3.79
NLD  1949       4.88        4.35        4.14        4.28        4.44        4.60        4.65        4.19        3.98        4.06        4.07        3.77
NLD  1950       4.99        4.52        4.23        4.21        4.27        4.51        4.75        4.36        4.07        3.98        3.91        3.63
NLD  1951       5.05        4.66        4.36        4.20        4.22        4.38        4.81        4.50        4.17        3.95        3.86        3.62
NLD  1952       5.10        4.77        4.39        4.20        4.28        4.40        4.86        4.60        4.21        3.94        3.87        3.67
NLD  1953       5.13        4.86        4.48        4.20        4.26        4.34        4.90        4.70        4.29        3.97        3.84        3.59
NLD  1954       5.15        4.93        4.54        4.23        4.27        4.38        4.91        4.76        4.35        3.98        3.87        3.59
NLD  1955       5.12        4.94        4.55        4.22        4.28        4.46        4.89        4.77        4.36        3.99        3.87        3.71
NLD  1956       5.10        4.94        4.57        4.23        4.34        4.46        4.85        4.75        4.36        3.96        3.87        3.63
NLD  1957       5.08        4.94        4.58        4.23        4.32        4.42        4.83        4.75        4.37        3.97        3.84        3.63
NLD  1958       5.01        4.88        4.54        4.23        4.34        4.41        4.76        4.69        4.32        3.95        3.85        3.65
NLD  1959       5.00        4.91        4.53        4.26        4.35        4.41        4.74        4.71        4.31        3.96        3.84        3.62
NLD  1960          .           .           .           .           .           .        4.76        4.72        4.35        4.03        3.98        3.73
NLD  1961          .           .           .           .           .           .        4.74        4.71        4.33        4.02        3.95        3.71
NLD  1962          .           .           .           .           .           .        4.78        4.74        4.38        4.07        4.06        3.85
NLD  1963          .           .           .           .           .           .        4.77        4.74        4.37        4.10        3.98        3.79
NLD  1964          .           .           .           .           .           .        4.77        4.75        4.37        4.13        4.02        3.78
NLD  1965          .           .           .           .           .           .        4.75        4.74        4.35        4.10        4.00        3.87
NLD  1966          .           .           .           .           .           .        4.72        4.70        4.32        4.06        3.94        3.73
NLD  1967          .           .           .           .           .           .        4.69        4.68        4.28        4.05        3.88        3.80
NLD  1968          .           .           .           .           .           .        4.70        4.71        4.27        4.05        3.97        3.78
NLD  1969          .           .           .           .           .           .        4.69        4.69        4.27        4.02        3.88        3.66
NOR  1952       5.53        4.62        4.67        4.74        4.63        4.46        5.25        4.47        4.47        4.41        4.08        3.59
NOR  1953       5.62        4.79        4.77        4.66        4.57        4.56        5.34        4.62        4.57        4.34        4.06        3.69
NOR  1954       5.72        4.92        4.82        4.64        4.58        4.41        5.40        4.75        4.58        4.28        3.97        3.61
NOR  1955       5.68        4.97        4.80        4.53        4.49        4.35        5.41        4.81        4.60        4.24        4.00        3.51
NOR  1956       5.70        5.07        4.84        4.45        4.38        4.39        5.42        4.87        4.61        4.17        3.88        3.61
NOR  1957       5.69        5.12        4.81        4.44        4.25        4.40        5.41        4.94        4.58        4.14        3.77        3.43
NOR  1958       5.64        5.08        4.80        4.41        4.21        4.13        5.36        4.88        4.58        4.11        3.69        3.29
NOR  1959       5.58        5.04        4.76        4.35        4.23        4.29        5.30        4.87        4.51        4.05        3.68        3.35
NOR  1960          .           .           .           .           .           .        5.27        4.88        4.52        4.05        3.75        3.32
NOR  1961          .           .           .           .           .           .        5.23        4.89        4.51        4.06        3.83        3.68
NOR  1962          .           .           .           .           .           .        5.21        4.87        4.50        4.04        3.75        3.48
NOR  1963          .           .           .           .           .           .        5.16        4.87        4.47        4.02        3.75        3.54
NOR  1964          .           .           .           .           .           .        5.14        4.86        4.47        4.02        3.85        3.60
NOR  1965          .           .           .           .           .           .        5.12        4.85        4.44        4.04        3.84        3.47
NOR  1966          .           .           .           .           .           .        5.12        4.89        4.47        4.07        3.93        3.54
NOR  1967          .           .           .           .           .           .        5.16        4.96        4.49        4.06        3.90        3.62
NOR  1968          .           .           .           .           .           .        5.17        5.00        4.52        4.12        3.87        3.57
NOR  1969          .           .           .           .           .           .        5.20        5.05        4.54        4.10        3.83        3.55
PRT  1944       5.22        4.36        4.56        4.76        4.81        4.89        4.88        4.16        4.40        4.47        4.31        4.13
PRT  1945       5.20        4.33        4.56        4.79        4.80        4.95        4.86        4.16        4.40        4.44        4.36        4.20
PRT  1946       5.17        4.29        4.56        4.82        4.90        4.95        4.86        4.13        4.38        4.51        4.41        4.26
PRT  1947       5.11        4.26        4.51        4.86        4.89        4.93        4.82        4.10        4.37        4.54        4.42        4.24
PRT  1948       5.17        4.30        4.57        4.92        4.99        4.95        4.88        4.14        4.41        4.57        4.49        4.28
PRT  1949       5.16        4.28        4.56        4.94        4.98        5.06        4.86        4.13        4.38        4.60        4.51        4.34
PRT  1950       5.17        4.37        4.59        5.00        5.06        5.03        4.86        4.17        4.38        4.61        4.55        4.36
PRT  1951       5.16        4.30        4.56        5.02        5.08        4.94        4.87        4.13        4.38        4.63        4.57        4.31
PRT  1952       5.16        4.29        4.56        5.04        5.12        5.02        4.85        4.11        4.36        4.65        4.53        4.30
PRT  1953       5.18        4.32        4.60        5.08        5.11        4.95        4.87        4.12        4.40        4.67        4.53        4.27
PRT  1954       5.23        4.35        4.63        5.17        5.22        5.02        4.91        4.14        4.43        4.73        4.60        4.31
PRT  1955       5.29        4.41        4.75        5.22        5.29        5.07        4.96        4.19        4.53        4.76        4.65        4.35
PRT  1956       5.39        4.53        4.82        5.31        5.33        5.13        5.05        4.31        4.60        4.83        4.68        4.40
PRT  1957       5.49        4.68        4.96        5.38        5.38        5.11        5.15        4.44        4.72        4.90        4.81        4.38
PRT  1958       5.60        4.81        5.07        5.51        5.42        5.20        5.26        4.57        4.83        5.01        4.79        4.50
PRT  1959       5.70        4.96        5.20        5.61        5.47        5.20        5.35        4.72        4.93        5.08        4.86        4.46
PRT  1960       5.79        5.10        5.32        5.67        5.57        5.30        5.43        4.85        5.02        5.18        4.92        4.47
PRT  1961       5.86        5.20        5.34        5.72        5.57        5.19        5.50        4.94        5.05        5.19        4.91        4.44
PRT  1962       5.85        5.22        5.33        5.76        5.66        5.28        5.49        4.95        5.05        5.23        5.01        4.44
PRT  1963          .           .           .           .           .           .        5.54        5.04        5.06        5.22        4.92        4.41
PRT  1964          .           .           .           .           .           .        5.55        5.03        5.07        5.21        4.97        4.56
PRT  1965          .           .           .           .           .           .        5.57        5.11        5.05        5.15        5.04        4.51
PRT  1966          .           .           .           .           .           .        5.56        5.13        5.01        5.11        4.95        4.47
PRT  1967          .           .           .           .           .           .        5.59        5.18        4.99        5.10        4.96        4.46
PRT  1968          .           .           .           .           .           .        5.57        5.20        4.94        5.04        4.98        4.61
PRT  1969          .           .           .           .           .           .        5.57        5.24        4.93        5.00        4.97        4.40
PRT  1970          .           .           .           .           .           .        5.56        5.30        4.93        5.00        4.88        4.44
PRT  1971          .           .           .           .           .           .        5.55        5.31        4.91        4.95        4.78        4.49
PRT  1972          .           .           .           .           .           .        5.54        5.32        4.90        4.98        4.93        4.56
RUS  1944       5.21        3.96        4.37        4.88        4.76        4.68        4.91        3.82        4.19        4.44        4.15        3.87
RUS  1945       5.21        3.95        4.39        4.96        4.83        4.72        4.90        3.81        4.20        4.50        4.21        3.92
RUS  1946       5.21        3.95        4.37        4.98        4.86        4.66        4.91        3.80        4.18        4.54        4.27        3.90
RUS  1947       5.22        3.96        4.38        4.96        4.83        4.59        4.94        3.81        4.21        4.58        4.30        3.89
RUS  1948       5.22        3.93        4.40        4.93        4.84        4.54        4.98        3.78        4.25        4.62        4.38        3.91
RUS  1949       5.23        3.91        4.37        4.86        4.71        4.45        5.01        3.77        4.24        4.59        4.30        3.86
RUS  1950       5.22        3.92        4.36        4.75        4.61        4.35        5.03        3.79        4.25        4.52        4.24        3.81
RUS  1951       5.19        3.93        4.34        4.64        4.49        4.27        5.03        3.81        4.24        4.43        4.15        3.76
RUS  1952       5.14        3.92        4.30        4.49        4.41        4.19        4.99        3.81        4.21        4.30        4.09        3.69
RUS  1953       5.08        3.91        4.23        4.36        4.26        4.11        4.93        3.81        4.15        4.17        3.94        3.58
RUS  1954       5.00        3.91        4.14        4.25        4.14        4.08        4.85        3.81        4.05        4.04        3.77        3.51
RUS  1955       4.90        3.90        4.06        4.17        4.17        4.14        4.75        3.80        3.97        3.93        3.75        3.52
RUS  1956       4.81        3.88        3.95        4.13        4.22        4.23        4.65        3.78        3.85        3.86        3.77        3.56
RUS  1957       4.73        3.86        3.85        4.12        4.32        4.35        4.55        3.76        3.75        3.82        3.81        3.62
RUS  1958       4.66        3.83        3.78        4.17        4.42        4.50        4.47        3.72        3.66        3.83        3.90        3.73
RUS  1959       4.61        3.79        3.78        4.27        4.58        4.64        4.41        3.69        3.65        3.90        4.00        3.86
RUS  1960       4.60        3.77        3.82        4.44        4.77        4.81        4.38        3.66        3.68        4.03        4.13        4.00
RUS  1961          .           .           .           .           .           .        4.39        3.65        3.73        4.19        4.27        4.09
RUS  1962          .           .           .           .           .           .        4.43        3.66        3.84        4.37        4.41        4.20
RUS  1963          .           .           .           .           .           .        4.51        3.66        3.99        4.59        4.56        4.29
RUS  1964          .           .           .           .           .           .        4.62        3.69        4.18        4.79        4.68        4.35
RUS  1965          .           .           .           .           .           .        4.75        3.72        4.40        4.95        4.77        4.34
RUS  1966          .           .           .           .           .           .        4.89        3.77        4.60        5.05        4.78        4.28
RUS  1967          .           .           .           .           .           .        5.04        3.83        4.80        5.11        4.78        4.27
RUS  1968          .           .           .           .           .           .        5.20        3.90        4.95        5.16        4.83        4.21
RUS  1969          .           .           .           .           .           .        5.35        4.00        5.07        5.18        4.83        4.20
RUS  1970          .           .           .           .           .           .        5.49        4.11        5.15        5.19        4.80        4.14
SVK  1935       5.15        3.61        3.99        4.38        4.60        4.68        4.90        3.50        3.89        4.22        4.29        4.14
SVK  1936       5.12        3.57        4.00        4.40        4.63        4.67        4.88        3.47        3.90        4.23        4.33        4.15
SVK  1937       5.09        3.56        4.02        4.44        4.63        4.67        4.87        3.46        3.91        4.28        4.36        4.16
SVK  1938       5.07        3.53        4.03        4.47        4.65        4.71        4.87        3.44        3.94        4.33        4.39        4.23
SVK  1939       5.05        3.54        4.03        4.50        4.63        4.70        4.87        3.46        3.95        4.37        4.39        4.22
SVK  1940       5.03        3.56        4.04        4.52        4.61        4.64        4.85        3.47        3.96        4.38        4.37        4.17
SVK  1941       4.97        3.56        4.00        4.48        4.62        4.71        4.81        3.47        3.94        4.36        4.40        4.23
SVK  1942       4.94        3.60        3.99        4.46        4.56        4.75        4.78        3.52        3.92        4.33        4.34        4.25
SVK  1943       4.94        3.65        4.01        4.44        4.62        4.74        4.78        3.55        3.95        4.30        4.39        4.29
SVK  1944       4.88        3.66        3.94        4.39        4.63        4.75        4.73        3.56        3.89        4.27        4.39        4.28
SVK  1945       4.83        3.70        3.90        4.32        4.57        4.78        4.67        3.60        3.84        4.20        4.33        4.28
SVK  1946       4.76        3.67        3.85        4.26        4.68        4.81        4.61        3.60        3.79        4.14        4.42        4.33
SVK  1947       4.71        3.65        3.78        4.24        4.73        4.85        4.56        3.58        3.72        4.11        4.44        4.36
SVK  1948       4.69        3.66        3.74        4.28        4.73        4.95        4.52        3.58        3.68        4.12        4.41        4.39
SVK  1949       4.68        3.69        3.74        4.32        4.79        5.06        4.51        3.60        3.68        4.17        4.44        4.44
SVK  1950       4.67        3.69        3.77        4.31        4.81        5.03        4.48        3.59        3.68        4.15        4.44        4.39
SVK  1951       4.65        3.68        3.79        4.33        4.76        5.04        4.46        3.58        3.71        4.16        4.42        4.38
SVK  1952       4.66        3.69        3.82        4.38        4.82        5.10        4.48        3.59        3.74        4.23        4.47        4.46
SVK  1953       4.66        3.70        3.81        4.45        4.92        5.05        4.48        3.60        3.73        4.27        4.57        4.47
SVK  1954       4.66        3.69        3.84        4.45        4.93        5.02        4.49        3.61        3.78        4.27        4.58        4.46
SVK  1955       4.69        3.69        3.87        4.45        4.98        5.18        4.52        3.61        3.80        4.31        4.59        4.55
SVK  1956       4.70        3.67        3.84        4.50        4.98        5.21        4.50        3.57        3.77        4.31        4.58        4.58
SVK  1957       4.71        3.69        3.85        4.52        4.91        5.18        4.51        3.60        3.78        4.31        4.52        4.49
SVK  1958       4.72        3.74        3.84        4.53        4.87        5.24        4.52        3.62        3.76        4.31        4.57        4.57
SVK  1959       4.72        3.70        3.84        4.57        4.90        5.27        4.52        3.57        3.76        4.33        4.59        4.64
SVK  1960          .           .           .           .           .           .        4.53        3.61        3.77        4.31        4.52        4.51
SVK  1961          .           .           .           .           .           .        4.55        3.62        3.76        4.35        4.63        4.42
SVK  1962          .           .           .           .           .           .        4.54        3.60        3.75        4.36        4.52        4.40
SVK  1963          .           .           .           .           .           .        4.56        3.65        3.82        4.39        4.53        4.47
SVK  1964          .           .           .           .           .           .        4.62        3.68        3.90        4.47        4.57        4.35
SVK  1965          .           .           .           .           .           .        4.65        3.69        3.96        4.54        4.61        4.32
SVK  1966          .           .           .           .           .           .        4.74        3.83        4.06        4.57        4.70        4.37
SVK  1967          .           .           .           .           .           .        4.85        3.95        4.21        4.69        4.67        4.33
SVK  1968          .           .           .           .           .           .        4.98        4.12        4.35        4.80        4.79        4.45
SVK  1969          .           .           .           .           .           .        5.08        4.29        4.45        4.93        4.84        4.38
SVN  1968          .           .           .           .           .           .        5.27        4.78        4.57        4.61        4.25        4.34
SVN  1969          .           .           .           .           .           .        5.41        4.97        4.71        4.65        4.26        4.23
SWE  1955       5.71        5.32        4.91        4.47        4.19        4.20        5.43        5.13        4.67        4.15        3.74        3.38
SWE  1956       5.66        5.36        4.87        4.38        4.26        4.15        5.37        5.16        4.63        4.08        3.75        3.31
SWE  1957       5.55        5.32        4.81        4.32        4.14        4.10        5.26        5.10        4.57        4.01        3.61        3.25
SWE  1958       5.46        5.28        4.75        4.30        4.19        4.28        5.15        5.06        4.50        3.95        3.65        3.29
SWE  1959       5.38        5.23        4.71        4.30        4.21        4.41        5.06        4.99        4.44        3.93        3.63        3.43
SWE  1960       5.35        5.18        4.69        4.42        4.34        4.44        4.99        4.92        4.40        3.98        3.66        3.40
SWE  1961       5.28        5.13        4.66        4.45        4.42        4.47        4.91        4.84        4.35        4.02        3.75        3.63
SWE  1962          .           .           .           .           .           .        4.91        4.82        4.38        4.10        3.87        3.68
SWE  1963          .           .           .           .           .           .        4.88        4.78        4.36        4.13        4.02        3.75
SWE  1964          .           .           .           .           .           .        4.92        4.77        4.42        4.26        4.07        3.73
SWE  1965          .           .           .           .           .           .        4.98        4.83        4.47        4.35        4.20        3.91
SWE  1966          .           .           .           .           .           .        5.03        4.90        4.56        4.41        4.26        3.90
SWE  1967          .           .           .           .           .           .        5.12        4.98        4.63        4.50        4.36        3.82
SWE  1968          .           .           .           .           .           .        5.22        5.11        4.75        4.54        4.28        3.81
SWE  1969          .           .           .           .           .           .        5.27        5.19        4.81        4.56        4.22        3.85
SWE  1970          .           .           .           .           .           .        5.32        5.28        4.85        4.49        4.19        3.72
SWE  1971          .           .           .           .           .           .        5.29        5.30        4.83        4.43        4.19        3.82
TWN  1961          .           .           .           .           .           .        4.76        4.49        4.52        4.47        4.47        4.34
TWN  1962          .           .           .           .           .           .        4.76        4.55        4.51        4.40        4.41        4.33
TWN  1963          .           .           .           .           .           .        4.75        4.59        4.50        4.31        4.32        4.29
TWN  1964          .           .           .           .           .           .        4.73        4.61        4.47        4.23        4.23        4.13
TWN  1965          .           .           .           .           .           .        4.69        4.61        4.44        4.15        4.18        4.17
TWN  1966          .           .           .           .           .           .        4.65        4.60        4.41        4.09        4.14        4.11
TWN  1967          .           .           .           .           .           .        4.61        4.58        4.37        4.04        4.10        4.14
TWN  1968          .           .           .           .           .           .        4.62        4.61        4.38        4.07        4.19        4.36
TWN  1969          .           .           .           .           .           .        4.65        4.65        4.44        4.15        4.28        4.24
TWN  1970          .           .           .           .           .           .        4.71        4.71        4.52        4.25        4.35        4.27
USA  1918       6.12        4.94        5.09        5.33        5.41        5.28        5.66        4.79        4.89        5.00        4.93        4.50
USA  1919       6.10        4.87        5.01        5.30        5.37        5.23        5.65        4.73        4.83        4.99        4.91        4.48
USA  1920       6.06        4.79        4.95        5.23        5.31        5.19        5.62        4.66        4.77        4.94        4.87        4.46
USA  1921       6.00        4.69        4.86        5.14        5.23        5.15        5.58        4.55        4.69        4.86        4.81        4.44
USA  1922       5.95        4.60        4.79        5.04        5.12        5.07        5.55        4.47        4.63        4.77        4.73        4.40
USA  1923       5.88        4.53        4.70        4.92        5.00        4.96        5.51        4.40        4.55        4.67        4.63        4.33
USA  1924       5.81        4.47        4.59        4.80        4.89        4.88        5.46        4.34        4.44        4.57        4.54        4.28
USA  1925       5.75        4.41        4.51        4.71        4.80        4.82        5.42        4.29        4.36        4.49        4.48        4.26
USA  1926       5.67        4.36        4.42        4.62        4.71        4.76        5.37        4.25        4.28        4.42        4.42        4.23
USA  1927       5.62        4.31        4.36        4.57        4.66        4.71        5.34        4.21        4.23        4.39        4.39        4.21
USA  1928       5.56        4.29        4.34        4.56        4.62        4.67        5.30        4.19        4.22        4.39        4.38        4.19
USA  1929       5.49        4.27        4.34        4.53        4.58        4.64        5.25        4.17        4.22        4.37        4.36        4.19
USA  1930       5.42        4.23        4.32        4.49        4.53        4.62        5.20        4.14        4.21        4.35        4.33        4.19
USA  1931       5.33        4.17        4.28        4.43        4.47        4.60        5.13        4.09        4.18        4.31        4.29        4.19
USA  1932       5.25        4.11        4.22        4.37        4.42        4.59        5.06        4.03        4.13        4.25        4.25        4.19
USA  1933       5.17        4.07        4.18        4.32        4.37        4.59        4.99        4.00        4.09        4.21        4.21        4.19
USA  1934       5.10        4.04        4.16        4.29        4.35        4.59        4.93        3.96        4.07        4.17        4.18        4.19
USA  1935       5.05        4.02        4.15        4.26        4.33        4.62        4.87        3.94        4.05        4.15        4.16        4.21
USA  1936       5.00        4.02        4.15        4.26        4.34        4.67        4.82        3.94        4.06        4.14        4.16        4.24
USA  1937       4.98        4.04        4.18        4.28        4.38        4.74        4.80        3.95        4.08        4.16        4.19        4.30
USA  1938       4.97        4.06        4.22        4.33        4.44        4.82        4.79        3.97        4.13        4.20        4.24        4.36
USA  1939       5.01        4.11        4.30        4.41        4.54        4.93        4.81        4.02        4.20        4.27        4.32        4.44
USA  1940       5.05        4.18        4.37        4.51        4.65        5.04        4.85        4.08        4.27        4.35        4.40        4.52
USA  1941       5.08        4.23        4.44        4.60        4.74        5.15        4.87        4.12        4.33        4.43        4.48        4.60
USA  1942       5.11        4.29        4.50        4.69        4.83        5.25        4.90        4.18        4.38        4.51        4.56        4.70
USA  1943       5.17        4.37        4.58        4.78        4.93        5.34        4.95        4.25        4.44        4.59        4.65        4.78
USA  1944       5.27        4.48        4.68        4.90        5.04        5.45        5.04        4.35        4.54        4.69        4.74        4.85
USA  1945       5.37        4.61        4.79        5.01        5.16        5.54        5.12        4.46        4.63        4.78        4.84        4.92
USA  1946       5.44        4.73        4.88        5.08        5.26        5.56        5.18        4.56        4.70        4.83        4.91        4.93
USA  1947       5.52        4.84        4.96        5.15        5.30        5.55        5.25        4.66        4.76        4.87        4.93        4.89
USA  1948       5.63        4.98        5.07        5.22        5.34        5.55        5.35        4.79        4.86        4.93        4.93        4.86
USA  1949       5.75        5.15        5.18        5.26        5.35        5.52        5.45        4.95        4.96        4.96        4.94        4.81
USA  1950       5.85        5.31        5.28        5.28        5.34        5.47        5.54        5.10        5.04        4.97        4.91        4.75
USA  1951       5.91        5.44        5.34        5.28        5.31        5.43        5.60        5.21        5.09        4.96        4.88        4.69
USA  1952       5.96        5.54        5.38        5.28        5.29        5.38        5.64        5.31        5.12        4.95        4.85        4.64
USA  1953       6.00        5.62        5.42        5.29        5.27        5.34        5.68        5.38        5.15        4.95        4.82        4.61
USA  1954       6.04        5.69        5.45        5.31        5.27        5.32        5.71        5.44        5.18        4.96        4.82        4.58
USA  1955       6.06        5.73        5.47        5.32        5.27        5.31        5.72        5.48        5.19        4.97        4.81        4.56
USA  1956       6.08        5.77        5.50        5.33        5.29        5.32        5.74        5.51        5.21        4.98        4.82        4.55
USA  1957       6.09        5.79        5.51        5.35        5.30        5.30        5.74        5.53        5.22        4.98        4.82        4.53
USA  1958       6.09        5.82        5.53        5.35        5.29        5.29        5.74        5.55        5.23        4.99        4.80        4.52
USA  1959       6.10        5.83        5.55        5.37        5.32        5.32        5.74        5.56        5.24        5.00        4.81        4.52
USA  1960       6.11        5.85        5.57        5.39        5.34        5.35        5.74        5.57        5.25        5.01        4.82        4.54
USA  1961          .           .           .           .           .           .        5.75        5.60        5.27        5.02        4.83        4.55
USA  1962          .           .           .           .           .           .        5.76        5.62        5.29        5.05        4.87        4.59
USA  1963          .           .           .           .           .           .        5.76        5.64        5.31        5.07        4.91        4.65
USA  1964          .           .           .           .           .           .        5.78        5.67        5.34        5.11        4.97        4.70
USA  1965          .           .           .           .           .           .        5.81        5.70        5.38        5.17        5.03        4.78
USA  1966          .           .           .           .           .           .        5.85        5.74        5.42        5.22        5.10        4.85
USA  1967          .           .           .           .           .           .        5.88        5.78        5.46        5.27        5.16        4.91
USA  1968          .           .           .           .           .           .        5.91        5.81        5.50        5.31        5.19        4.94
USA  1969          .           .           .           .           .           .        5.93        5.84        5.52        5.33        5.21        4.95
USA  1970          .           .           .           .           .           .        5.95        5.87        5.54        5.34        5.20        4.93
UKR  1944       5.09        3.85        4.23        4.64        4.63        4.63        4.81        3.73        4.08        4.26        4.04        3.82
UKR  1945       5.01        3.80        4.24        4.64        4.69        4.76        4.74        3.68        4.08        4.27        4.16        3.95
UKR  1946       5.02        3.81        4.29        4.70        4.74        4.74        4.76        3.69        4.13        4.33        4.19        3.95
UKR  1947       4.99        3.77        4.28        4.75        4.73        4.63        4.75        3.64        4.14        4.40        4.19        3.91
UKR  1948       4.97        3.72        4.26        4.73        4.76        4.54        4.76        3.60        4.13        4.43        4.30        3.87
UKR  1949       5.02        3.73        4.28        4.70        4.69        4.47        4.82        3.61        4.16        4.44        4.29        3.82
UKR  1950       4.97        3.70        4.22        4.63        4.60        4.43        4.79        3.59        4.12        4.39        4.20        3.82
UKR  1951       4.96        3.73        4.18        4.58        4.50        4.39        4.79        3.62        4.09        4.34        4.11        3.79
UKR  1952       4.94        3.73        4.16        4.54        4.47        4.37        4.78        3.63        4.07        4.31        4.07        3.76
UKR  1953       4.92        3.75        4.12        4.49        4.36        4.30        4.77        3.65        4.04        4.26        3.94        3.67
UKR  1954       4.88        3.77        4.07        4.38        4.30        4.28        4.74        3.68        4.00        4.16        3.88        3.66
UKR  1955       4.83        3.78        3.98        4.30        4.39        4.33        4.68        3.69        3.90        4.07        3.95        3.69
UKR  1956       4.76        3.76        3.93        4.27        4.43        4.37        4.61        3.68        3.85        4.02        3.98        3.70
UKR  1957       4.70        3.71        3.86        4.27        4.46        4.44        4.54        3.63        3.77        4.00        4.02        3.74
UKR  1958       4.64        3.68        3.78        4.31        4.54        4.52        4.48        3.60        3.69        4.01        4.09        3.79
UKR  1959       4.58        3.65        3.76        4.37        4.67        4.61        4.42        3.57        3.66        4.06        4.20        3.90
UKR  1960          .           .           .           .           .           .        4.36        3.51        3.65        4.11        4.22        3.96
UKR  1961          .           .           .           .           .           .        4.32        3.48        3.66        4.18        4.25        4.01
UKR  1962          .           .           .           .           .           .        4.32        3.47        3.72        4.28        4.29        4.08
UKR  1963          .           .           .           .           .           .        4.33        3.45        3.79        4.39        4.36        4.10
UKR  1964          .           .           .           .           .           .        4.38        3.45        3.90        4.50        4.47        4.12
UKR  1965          .           .           .           .           .           .        4.44        3.46        4.04        4.63        4.54        4.17
UKR  1966          .           .           .           .           .           .        4.54        3.47        4.20        4.75        4.62        4.21
UKR  1967          .           .           .           .           .           .        4.67        3.52        4.39        4.91        4.72        4.25
UKR  1968          .           .           .           .           .           .        4.81        3.58        4.57        5.06        4.80        4.34
UKR  1969          .           .           .           .           .           .        4.97        3.66        4.77        5.18        4.86        4.39
